p cnf 729 6179
1 82 163 244 325 406 487 568 649 0
2 83 164 245 326 407 488 569 650 0
3 84 165 246 327 408 489 570 651 0
4 85 166 247 328 409 490 571 652 0
5 86 167 248 329 410 491 572 653 0
6 87 168 249 330 411 492 573 654 0
7 88 169 250 331 412 493 574 655 0
8 89 170 251 332 413 494 575 656 0
9 90 171 252 333 414 495 576 657 0
10 91 172 253 334 415 496 577 658 0
11 92 173 254 335 416 497 578 659 0
12 93 174 255 336 417 498 579 660 0
13 94 175 256 337 418 499 580 661 0
14 95 176 257 338 419 500 581 662 0
15 96 177 258 339 420 501 582 663 0
16 97 178 259 340 421 502 583 664 0
17 98 179 260 341 422 503 584 665 0
18 99 180 261 342 423 504 585 666 0
19 100 181 262 343 424 505 586 667 0
20 101 182 263 344 425 506 587 668 0
21 102 183 264 345 426 507 588 669 0
22 103 184 265 346 427 508 589 670 0
23 104 185 266 347 428 509 590 671 0
24 105 186 267 348 429 510 591 672 0
25 106 187 268 349 430 511 592 673 0
26 107 188 269 350 431 512 593 674 0
27 108 189 270 351 432 513 594 675 0
28 109 190 271 352 433 514 595 676 0
29 110 191 272 353 434 515 596 677 0
30 111 192 273 354 435 516 597 678 0
31 112 193 274 355 436 517 598 679 0
32 113 194 275 356 437 518 599 680 0
33 114 195 276 357 438 519 600 681 0
34 115 196 277 358 439 520 601 682 0
35 116 197 278 359 440 521 602 683 0
36 117 198 279 360 441 522 603 684 0
37 118 199 280 361 442 523 604 685 0
38 119 200 281 362 443 524 605 686 0
39 120 201 282 363 444 525 606 687 0
40 121 202 283 364 445 526 607 688 0
41 122 203 284 365 446 527 608 689 0
42 123 204 285 366 447 528 609 690 0
43 124 205 286 367 448 529 610 691 0
44 125 206 287 368 449 530 611 692 0
45 126 207 288 369 450 531 612 693 0
46 127 208 289 370 451 532 613 694 0
47 128 209 290 371 452 533 614 695 0
48 129 210 291 372 453 534 615 696 0
49 130 211 292 373 454 535 616 697 0
50 131 212 293 374 455 536 617 698 0
51 132 213 294 375 456 537 618 699 0
52 133 214 295 376 457 538 619 700 0
53 134 215 296 377 458 539 620 701 0
54 135 216 297 378 459 540 621 702 0
55 136 217 298 379 460 541 622 703 0
56 137 218 299 380 461 542 623 704 0
57 138 219 300 381 462 543 624 705 0
58 139 220 301 382 463 544 625 706 0
59 140 221 302 383 464 545 626 707 0
60 141 222 303 384 465 546 627 708 0
61 142 223 304 385 466 547 628 709 0
62 143 224 305 386 467 548 629 710 0
63 144 225 306 387 468 549 630 711 0
64 145 226 307 388 469 550 631 712 0
65 146 227 308 389 470 551 632 713 0
66 147 228 309 390 471 552 633 714 0
67 148 229 310 391 472 553 634 715 0
68 149 230 311 392 473 554 635 716 0
69 150 231 312 393 474 555 636 717 0
70 151 232 313 394 475 556 637 718 0
71 152 233 314 395 476 557 638 719 0
72 153 234 315 396 477 558 639 720 0
73 154 235 316 397 478 559 640 721 0
74 155 236 317 398 479 560 641 722 0
75 156 237 318 399 480 561 642 723 0
76 157 238 319 400 481 562 643 724 0
77 158 239 320 401 482 563 644 725 0
78 159 240 321 402 483 564 645 726 0
79 160 241 322 403 484 565 646 727 0
80 161 242 323 404 485 566 647 728 0
81 162 243 324 405 486 567 648 729 0
-1 -82 0
-1 -163 0
-1 -244 0
-1 -325 0
-1 -406 0
-1 -487 0
-1 -568 0
-1 -649 0
-82 -1 0
-82 -163 0
-82 -244 0
-82 -325 0
-82 -406 0
-82 -487 0
-82 -568 0
-82 -649 0
-163 -1 0
-163 -82 0
-163 -244 0
-163 -325 0
-163 -406 0
-163 -487 0
-163 -568 0
-163 -649 0
-244 -1 0
-244 -82 0
-244 -163 0
-244 -325 0
-244 -406 0
-244 -487 0
-244 -568 0
-244 -649 0
-325 -1 0
-325 -82 0
-325 -163 0
-325 -244 0
-325 -406 0
-325 -487 0
-325 -568 0
-325 -649 0
-406 -1 0
-406 -82 0
-406 -163 0
-406 -244 0
-406 -325 0
-406 -487 0
-406 -568 0
-406 -649 0
-487 -1 0
-487 -82 0
-487 -163 0
-487 -244 0
-487 -325 0
-487 -406 0
-487 -568 0
-487 -649 0
-568 -1 0
-568 -82 0
-568 -163 0
-568 -244 0
-568 -325 0
-568 -406 0
-568 -487 0
-568 -649 0
-649 -1 0
-649 -82 0
-649 -163 0
-649 -244 0
-649 -325 0
-649 -406 0
-649 -487 0
-649 -568 0
-2 -83 0
-2 -164 0
-2 -245 0
-2 -326 0
-2 -407 0
-2 -488 0
-2 -569 0
-2 -650 0
-83 -2 0
-83 -164 0
-83 -245 0
-83 -326 0
-83 -407 0
-83 -488 0
-83 -569 0
-83 -650 0
-164 -2 0
-164 -83 0
-164 -245 0
-164 -326 0
-164 -407 0
-164 -488 0
-164 -569 0
-164 -650 0
-245 -2 0
-245 -83 0
-245 -164 0
-245 -326 0
-245 -407 0
-245 -488 0
-245 -569 0
-245 -650 0
-326 -2 0
-326 -83 0
-326 -164 0
-326 -245 0
-326 -407 0
-326 -488 0
-326 -569 0
-326 -650 0
-407 -2 0
-407 -83 0
-407 -164 0
-407 -245 0
-407 -326 0
-407 -488 0
-407 -569 0
-407 -650 0
-488 -2 0
-488 -83 0
-488 -164 0
-488 -245 0
-488 -326 0
-488 -407 0
-488 -569 0
-488 -650 0
-569 -2 0
-569 -83 0
-569 -164 0
-569 -245 0
-569 -326 0
-569 -407 0
-569 -488 0
-569 -650 0
-650 -2 0
-650 -83 0
-650 -164 0
-650 -245 0
-650 -326 0
-650 -407 0
-650 -488 0
-650 -569 0
-3 -84 0
-3 -165 0
-3 -246 0
-3 -327 0
-3 -408 0
-3 -489 0
-3 -570 0
-3 -651 0
-84 -3 0
-84 -165 0
-84 -246 0
-84 -327 0
-84 -408 0
-84 -489 0
-84 -570 0
-84 -651 0
-165 -3 0
-165 -84 0
-165 -246 0
-165 -327 0
-165 -408 0
-165 -489 0
-165 -570 0
-165 -651 0
-246 -3 0
-246 -84 0
-246 -165 0
-246 -327 0
-246 -408 0
-246 -489 0
-246 -570 0
-246 -651 0
-327 -3 0
-327 -84 0
-327 -165 0
-327 -246 0
-327 -408 0
-327 -489 0
-327 -570 0
-327 -651 0
-408 -3 0
-408 -84 0
-408 -165 0
-408 -246 0
-408 -327 0
-408 -489 0
-408 -570 0
-408 -651 0
-489 -3 0
-489 -84 0
-489 -165 0
-489 -246 0
-489 -327 0
-489 -408 0
-489 -570 0
-489 -651 0
-570 -3 0
-570 -84 0
-570 -165 0
-570 -246 0
-570 -327 0
-570 -408 0
-570 -489 0
-570 -651 0
-651 -3 0
-651 -84 0
-651 -165 0
-651 -246 0
-651 -327 0
-651 -408 0
-651 -489 0
-651 -570 0
-4 -85 0
-4 -166 0
-4 -247 0
-4 -328 0
-4 -409 0
-4 -490 0
-4 -571 0
-4 -652 0
-85 -4 0
-85 -166 0
-85 -247 0
-85 -328 0
-85 -409 0
-85 -490 0
-85 -571 0
-85 -652 0
-166 -4 0
-166 -85 0
-166 -247 0
-166 -328 0
-166 -409 0
-166 -490 0
-166 -571 0
-166 -652 0
-247 -4 0
-247 -85 0
-247 -166 0
-247 -328 0
-247 -409 0
-247 -490 0
-247 -571 0
-247 -652 0
-328 -4 0
-328 -85 0
-328 -166 0
-328 -247 0
-328 -409 0
-328 -490 0
-328 -571 0
-328 -652 0
-409 -4 0
-409 -85 0
-409 -166 0
-409 -247 0
-409 -328 0
-409 -490 0
-409 -571 0
-409 -652 0
-490 -4 0
-490 -85 0
-490 -166 0
-490 -247 0
-490 -328 0
-490 -409 0
-490 -571 0
-490 -652 0
-571 -4 0
-571 -85 0
-571 -166 0
-571 -247 0
-571 -328 0
-571 -409 0
-571 -490 0
-571 -652 0
-652 -4 0
-652 -85 0
-652 -166 0
-652 -247 0
-652 -328 0
-652 -409 0
-652 -490 0
-652 -571 0
-5 -86 0
-5 -167 0
-5 -248 0
-5 -329 0
-5 -410 0
-5 -491 0
-5 -572 0
-5 -653 0
-86 -5 0
-86 -167 0
-86 -248 0
-86 -329 0
-86 -410 0
-86 -491 0
-86 -572 0
-86 -653 0
-167 -5 0
-167 -86 0
-167 -248 0
-167 -329 0
-167 -410 0
-167 -491 0
-167 -572 0
-167 -653 0
-248 -5 0
-248 -86 0
-248 -167 0
-248 -329 0
-248 -410 0
-248 -491 0
-248 -572 0
-248 -653 0
-329 -5 0
-329 -86 0
-329 -167 0
-329 -248 0
-329 -410 0
-329 -491 0
-329 -572 0
-329 -653 0
-410 -5 0
-410 -86 0
-410 -167 0
-410 -248 0
-410 -329 0
-410 -491 0
-410 -572 0
-410 -653 0
-491 -5 0
-491 -86 0
-491 -167 0
-491 -248 0
-491 -329 0
-491 -410 0
-491 -572 0
-491 -653 0
-572 -5 0
-572 -86 0
-572 -167 0
-572 -248 0
-572 -329 0
-572 -410 0
-572 -491 0
-572 -653 0
-653 -5 0
-653 -86 0
-653 -167 0
-653 -248 0
-653 -329 0
-653 -410 0
-653 -491 0
-653 -572 0
-6 -87 0
-6 -168 0
-6 -249 0
-6 -330 0
-6 -411 0
-6 -492 0
-6 -573 0
-6 -654 0
-87 -6 0
-87 -168 0
-87 -249 0
-87 -330 0
-87 -411 0
-87 -492 0
-87 -573 0
-87 -654 0
-168 -6 0
-168 -87 0
-168 -249 0
-168 -330 0
-168 -411 0
-168 -492 0
-168 -573 0
-168 -654 0
-249 -6 0
-249 -87 0
-249 -168 0
-249 -330 0
-249 -411 0
-249 -492 0
-249 -573 0
-249 -654 0
-330 -6 0
-330 -87 0
-330 -168 0
-330 -249 0
-330 -411 0
-330 -492 0
-330 -573 0
-330 -654 0
-411 -6 0
-411 -87 0
-411 -168 0
-411 -249 0
-411 -330 0
-411 -492 0
-411 -573 0
-411 -654 0
-492 -6 0
-492 -87 0
-492 -168 0
-492 -249 0
-492 -330 0
-492 -411 0
-492 -573 0
-492 -654 0
-573 -6 0
-573 -87 0
-573 -168 0
-573 -249 0
-573 -330 0
-573 -411 0
-573 -492 0
-573 -654 0
-654 -6 0
-654 -87 0
-654 -168 0
-654 -249 0
-654 -330 0
-654 -411 0
-654 -492 0
-654 -573 0
-7 -88 0
-7 -169 0
-7 -250 0
-7 -331 0
-7 -412 0
-7 -493 0
-7 -574 0
-7 -655 0
-88 -7 0
-88 -169 0
-88 -250 0
-88 -331 0
-88 -412 0
-88 -493 0
-88 -574 0
-88 -655 0
-169 -7 0
-169 -88 0
-169 -250 0
-169 -331 0
-169 -412 0
-169 -493 0
-169 -574 0
-169 -655 0
-250 -7 0
-250 -88 0
-250 -169 0
-250 -331 0
-250 -412 0
-250 -493 0
-250 -574 0
-250 -655 0
-331 -7 0
-331 -88 0
-331 -169 0
-331 -250 0
-331 -412 0
-331 -493 0
-331 -574 0
-331 -655 0
-412 -7 0
-412 -88 0
-412 -169 0
-412 -250 0
-412 -331 0
-412 -493 0
-412 -574 0
-412 -655 0
-493 -7 0
-493 -88 0
-493 -169 0
-493 -250 0
-493 -331 0
-493 -412 0
-493 -574 0
-493 -655 0
-574 -7 0
-574 -88 0
-574 -169 0
-574 -250 0
-574 -331 0
-574 -412 0
-574 -493 0
-574 -655 0
-655 -7 0
-655 -88 0
-655 -169 0
-655 -250 0
-655 -331 0
-655 -412 0
-655 -493 0
-655 -574 0
-8 -89 0
-8 -170 0
-8 -251 0
-8 -332 0
-8 -413 0
-8 -494 0
-8 -575 0
-8 -656 0
-89 -8 0
-89 -170 0
-89 -251 0
-89 -332 0
-89 -413 0
-89 -494 0
-89 -575 0
-89 -656 0
-170 -8 0
-170 -89 0
-170 -251 0
-170 -332 0
-170 -413 0
-170 -494 0
-170 -575 0
-170 -656 0
-251 -8 0
-251 -89 0
-251 -170 0
-251 -332 0
-251 -413 0
-251 -494 0
-251 -575 0
-251 -656 0
-332 -8 0
-332 -89 0
-332 -170 0
-332 -251 0
-332 -413 0
-332 -494 0
-332 -575 0
-332 -656 0
-413 -8 0
-413 -89 0
-413 -170 0
-413 -251 0
-413 -332 0
-413 -494 0
-413 -575 0
-413 -656 0
-494 -8 0
-494 -89 0
-494 -170 0
-494 -251 0
-494 -332 0
-494 -413 0
-494 -575 0
-494 -656 0
-575 -8 0
-575 -89 0
-575 -170 0
-575 -251 0
-575 -332 0
-575 -413 0
-575 -494 0
-575 -656 0
-656 -8 0
-656 -89 0
-656 -170 0
-656 -251 0
-656 -332 0
-656 -413 0
-656 -494 0
-656 -575 0
-9 -90 0
-9 -171 0
-9 -252 0
-9 -333 0
-9 -414 0
-9 -495 0
-9 -576 0
-9 -657 0
-90 -9 0
-90 -171 0
-90 -252 0
-90 -333 0
-90 -414 0
-90 -495 0
-90 -576 0
-90 -657 0
-171 -9 0
-171 -90 0
-171 -252 0
-171 -333 0
-171 -414 0
-171 -495 0
-171 -576 0
-171 -657 0
-252 -9 0
-252 -90 0
-252 -171 0
-252 -333 0
-252 -414 0
-252 -495 0
-252 -576 0
-252 -657 0
-333 -9 0
-333 -90 0
-333 -171 0
-333 -252 0
-333 -414 0
-333 -495 0
-333 -576 0
-333 -657 0
-414 -9 0
-414 -90 0
-414 -171 0
-414 -252 0
-414 -333 0
-414 -495 0
-414 -576 0
-414 -657 0
-495 -9 0
-495 -90 0
-495 -171 0
-495 -252 0
-495 -333 0
-495 -414 0
-495 -576 0
-495 -657 0
-576 -9 0
-576 -90 0
-576 -171 0
-576 -252 0
-576 -333 0
-576 -414 0
-576 -495 0
-576 -657 0
-657 -9 0
-657 -90 0
-657 -171 0
-657 -252 0
-657 -333 0
-657 -414 0
-657 -495 0
-657 -576 0
-10 -91 0
-10 -172 0
-10 -253 0
-10 -334 0
-10 -415 0
-10 -496 0
-10 -577 0
-10 -658 0
-91 -10 0
-91 -172 0
-91 -253 0
-91 -334 0
-91 -415 0
-91 -496 0
-91 -577 0
-91 -658 0
-172 -10 0
-172 -91 0
-172 -253 0
-172 -334 0
-172 -415 0
-172 -496 0
-172 -577 0
-172 -658 0
-253 -10 0
-253 -91 0
-253 -172 0
-253 -334 0
-253 -415 0
-253 -496 0
-253 -577 0
-253 -658 0
-334 -10 0
-334 -91 0
-334 -172 0
-334 -253 0
-334 -415 0
-334 -496 0
-334 -577 0
-334 -658 0
-415 -10 0
-415 -91 0
-415 -172 0
-415 -253 0
-415 -334 0
-415 -496 0
-415 -577 0
-415 -658 0
-496 -10 0
-496 -91 0
-496 -172 0
-496 -253 0
-496 -334 0
-496 -415 0
-496 -577 0
-496 -658 0
-577 -10 0
-577 -91 0
-577 -172 0
-577 -253 0
-577 -334 0
-577 -415 0
-577 -496 0
-577 -658 0
-658 -10 0
-658 -91 0
-658 -172 0
-658 -253 0
-658 -334 0
-658 -415 0
-658 -496 0
-658 -577 0
-11 -92 0
-11 -173 0
-11 -254 0
-11 -335 0
-11 -416 0
-11 -497 0
-11 -578 0
-11 -659 0
-92 -11 0
-92 -173 0
-92 -254 0
-92 -335 0
-92 -416 0
-92 -497 0
-92 -578 0
-92 -659 0
-173 -11 0
-173 -92 0
-173 -254 0
-173 -335 0
-173 -416 0
-173 -497 0
-173 -578 0
-173 -659 0
-254 -11 0
-254 -92 0
-254 -173 0
-254 -335 0
-254 -416 0
-254 -497 0
-254 -578 0
-254 -659 0
-335 -11 0
-335 -92 0
-335 -173 0
-335 -254 0
-335 -416 0
-335 -497 0
-335 -578 0
-335 -659 0
-416 -11 0
-416 -92 0
-416 -173 0
-416 -254 0
-416 -335 0
-416 -497 0
-416 -578 0
-416 -659 0
-497 -11 0
-497 -92 0
-497 -173 0
-497 -254 0
-497 -335 0
-497 -416 0
-497 -578 0
-497 -659 0
-578 -11 0
-578 -92 0
-578 -173 0
-578 -254 0
-578 -335 0
-578 -416 0
-578 -497 0
-578 -659 0
-659 -11 0
-659 -92 0
-659 -173 0
-659 -254 0
-659 -335 0
-659 -416 0
-659 -497 0
-659 -578 0
-12 -93 0
-12 -174 0
-12 -255 0
-12 -336 0
-12 -417 0
-12 -498 0
-12 -579 0
-12 -660 0
-93 -12 0
-93 -174 0
-93 -255 0
-93 -336 0
-93 -417 0
-93 -498 0
-93 -579 0
-93 -660 0
-174 -12 0
-174 -93 0
-174 -255 0
-174 -336 0
-174 -417 0
-174 -498 0
-174 -579 0
-174 -660 0
-255 -12 0
-255 -93 0
-255 -174 0
-255 -336 0
-255 -417 0
-255 -498 0
-255 -579 0
-255 -660 0
-336 -12 0
-336 -93 0
-336 -174 0
-336 -255 0
-336 -417 0
-336 -498 0
-336 -579 0
-336 -660 0
-417 -12 0
-417 -93 0
-417 -174 0
-417 -255 0
-417 -336 0
-417 -498 0
-417 -579 0
-417 -660 0
-498 -12 0
-498 -93 0
-498 -174 0
-498 -255 0
-498 -336 0
-498 -417 0
-498 -579 0
-498 -660 0
-579 -12 0
-579 -93 0
-579 -174 0
-579 -255 0
-579 -336 0
-579 -417 0
-579 -498 0
-579 -660 0
-660 -12 0
-660 -93 0
-660 -174 0
-660 -255 0
-660 -336 0
-660 -417 0
-660 -498 0
-660 -579 0
-13 -94 0
-13 -175 0
-13 -256 0
-13 -337 0
-13 -418 0
-13 -499 0
-13 -580 0
-13 -661 0
-94 -13 0
-94 -175 0
-94 -256 0
-94 -337 0
-94 -418 0
-94 -499 0
-94 -580 0
-94 -661 0
-175 -13 0
-175 -94 0
-175 -256 0
-175 -337 0
-175 -418 0
-175 -499 0
-175 -580 0
-175 -661 0
-256 -13 0
-256 -94 0
-256 -175 0
-256 -337 0
-256 -418 0
-256 -499 0
-256 -580 0
-256 -661 0
-337 -13 0
-337 -94 0
-337 -175 0
-337 -256 0
-337 -418 0
-337 -499 0
-337 -580 0
-337 -661 0
-418 -13 0
-418 -94 0
-418 -175 0
-418 -256 0
-418 -337 0
-418 -499 0
-418 -580 0
-418 -661 0
-499 -13 0
-499 -94 0
-499 -175 0
-499 -256 0
-499 -337 0
-499 -418 0
-499 -580 0
-499 -661 0
-580 -13 0
-580 -94 0
-580 -175 0
-580 -256 0
-580 -337 0
-580 -418 0
-580 -499 0
-580 -661 0
-661 -13 0
-661 -94 0
-661 -175 0
-661 -256 0
-661 -337 0
-661 -418 0
-661 -499 0
-661 -580 0
-14 -95 0
-14 -176 0
-14 -257 0
-14 -338 0
-14 -419 0
-14 -500 0
-14 -581 0
-14 -662 0
-95 -14 0
-95 -176 0
-95 -257 0
-95 -338 0
-95 -419 0
-95 -500 0
-95 -581 0
-95 -662 0
-176 -14 0
-176 -95 0
-176 -257 0
-176 -338 0
-176 -419 0
-176 -500 0
-176 -581 0
-176 -662 0
-257 -14 0
-257 -95 0
-257 -176 0
-257 -338 0
-257 -419 0
-257 -500 0
-257 -581 0
-257 -662 0
-338 -14 0
-338 -95 0
-338 -176 0
-338 -257 0
-338 -419 0
-338 -500 0
-338 -581 0
-338 -662 0
-419 -14 0
-419 -95 0
-419 -176 0
-419 -257 0
-419 -338 0
-419 -500 0
-419 -581 0
-419 -662 0
-500 -14 0
-500 -95 0
-500 -176 0
-500 -257 0
-500 -338 0
-500 -419 0
-500 -581 0
-500 -662 0
-581 -14 0
-581 -95 0
-581 -176 0
-581 -257 0
-581 -338 0
-581 -419 0
-581 -500 0
-581 -662 0
-662 -14 0
-662 -95 0
-662 -176 0
-662 -257 0
-662 -338 0
-662 -419 0
-662 -500 0
-662 -581 0
-15 -96 0
-15 -177 0
-15 -258 0
-15 -339 0
-15 -420 0
-15 -501 0
-15 -582 0
-15 -663 0
-96 -15 0
-96 -177 0
-96 -258 0
-96 -339 0
-96 -420 0
-96 -501 0
-96 -582 0
-96 -663 0
-177 -15 0
-177 -96 0
-177 -258 0
-177 -339 0
-177 -420 0
-177 -501 0
-177 -582 0
-177 -663 0
-258 -15 0
-258 -96 0
-258 -177 0
-258 -339 0
-258 -420 0
-258 -501 0
-258 -582 0
-258 -663 0
-339 -15 0
-339 -96 0
-339 -177 0
-339 -258 0
-339 -420 0
-339 -501 0
-339 -582 0
-339 -663 0
-420 -15 0
-420 -96 0
-420 -177 0
-420 -258 0
-420 -339 0
-420 -501 0
-420 -582 0
-420 -663 0
-501 -15 0
-501 -96 0
-501 -177 0
-501 -258 0
-501 -339 0
-501 -420 0
-501 -582 0
-501 -663 0
-582 -15 0
-582 -96 0
-582 -177 0
-582 -258 0
-582 -339 0
-582 -420 0
-582 -501 0
-582 -663 0
-663 -15 0
-663 -96 0
-663 -177 0
-663 -258 0
-663 -339 0
-663 -420 0
-663 -501 0
-663 -582 0
-16 -97 0
-16 -178 0
-16 -259 0
-16 -340 0
-16 -421 0
-16 -502 0
-16 -583 0
-16 -664 0
-97 -16 0
-97 -178 0
-97 -259 0
-97 -340 0
-97 -421 0
-97 -502 0
-97 -583 0
-97 -664 0
-178 -16 0
-178 -97 0
-178 -259 0
-178 -340 0
-178 -421 0
-178 -502 0
-178 -583 0
-178 -664 0
-259 -16 0
-259 -97 0
-259 -178 0
-259 -340 0
-259 -421 0
-259 -502 0
-259 -583 0
-259 -664 0
-340 -16 0
-340 -97 0
-340 -178 0
-340 -259 0
-340 -421 0
-340 -502 0
-340 -583 0
-340 -664 0
-421 -16 0
-421 -97 0
-421 -178 0
-421 -259 0
-421 -340 0
-421 -502 0
-421 -583 0
-421 -664 0
-502 -16 0
-502 -97 0
-502 -178 0
-502 -259 0
-502 -340 0
-502 -421 0
-502 -583 0
-502 -664 0
-583 -16 0
-583 -97 0
-583 -178 0
-583 -259 0
-583 -340 0
-583 -421 0
-583 -502 0
-583 -664 0
-664 -16 0
-664 -97 0
-664 -178 0
-664 -259 0
-664 -340 0
-664 -421 0
-664 -502 0
-664 -583 0
-17 -98 0
-17 -179 0
-17 -260 0
-17 -341 0
-17 -422 0
-17 -503 0
-17 -584 0
-17 -665 0
-98 -17 0
-98 -179 0
-98 -260 0
-98 -341 0
-98 -422 0
-98 -503 0
-98 -584 0
-98 -665 0
-179 -17 0
-179 -98 0
-179 -260 0
-179 -341 0
-179 -422 0
-179 -503 0
-179 -584 0
-179 -665 0
-260 -17 0
-260 -98 0
-260 -179 0
-260 -341 0
-260 -422 0
-260 -503 0
-260 -584 0
-260 -665 0
-341 -17 0
-341 -98 0
-341 -179 0
-341 -260 0
-341 -422 0
-341 -503 0
-341 -584 0
-341 -665 0
-422 -17 0
-422 -98 0
-422 -179 0
-422 -260 0
-422 -341 0
-422 -503 0
-422 -584 0
-422 -665 0
-503 -17 0
-503 -98 0
-503 -179 0
-503 -260 0
-503 -341 0
-503 -422 0
-503 -584 0
-503 -665 0
-584 -17 0
-584 -98 0
-584 -179 0
-584 -260 0
-584 -341 0
-584 -422 0
-584 -503 0
-584 -665 0
-665 -17 0
-665 -98 0
-665 -179 0
-665 -260 0
-665 -341 0
-665 -422 0
-665 -503 0
-665 -584 0
-18 -99 0
-18 -180 0
-18 -261 0
-18 -342 0
-18 -423 0
-18 -504 0
-18 -585 0
-18 -666 0
-99 -18 0
-99 -180 0
-99 -261 0
-99 -342 0
-99 -423 0
-99 -504 0
-99 -585 0
-99 -666 0
-180 -18 0
-180 -99 0
-180 -261 0
-180 -342 0
-180 -423 0
-180 -504 0
-180 -585 0
-180 -666 0
-261 -18 0
-261 -99 0
-261 -180 0
-261 -342 0
-261 -423 0
-261 -504 0
-261 -585 0
-261 -666 0
-342 -18 0
-342 -99 0
-342 -180 0
-342 -261 0
-342 -423 0
-342 -504 0
-342 -585 0
-342 -666 0
-423 -18 0
-423 -99 0
-423 -180 0
-423 -261 0
-423 -342 0
-423 -504 0
-423 -585 0
-423 -666 0
-504 -18 0
-504 -99 0
-504 -180 0
-504 -261 0
-504 -342 0
-504 -423 0
-504 -585 0
-504 -666 0
-585 -18 0
-585 -99 0
-585 -180 0
-585 -261 0
-585 -342 0
-585 -423 0
-585 -504 0
-585 -666 0
-666 -18 0
-666 -99 0
-666 -180 0
-666 -261 0
-666 -342 0
-666 -423 0
-666 -504 0
-666 -585 0
-19 -100 0
-19 -181 0
-19 -262 0
-19 -343 0
-19 -424 0
-19 -505 0
-19 -586 0
-19 -667 0
-100 -19 0
-100 -181 0
-100 -262 0
-100 -343 0
-100 -424 0
-100 -505 0
-100 -586 0
-100 -667 0
-181 -19 0
-181 -100 0
-181 -262 0
-181 -343 0
-181 -424 0
-181 -505 0
-181 -586 0
-181 -667 0
-262 -19 0
-262 -100 0
-262 -181 0
-262 -343 0
-262 -424 0
-262 -505 0
-262 -586 0
-262 -667 0
-343 -19 0
-343 -100 0
-343 -181 0
-343 -262 0
-343 -424 0
-343 -505 0
-343 -586 0
-343 -667 0
-424 -19 0
-424 -100 0
-424 -181 0
-424 -262 0
-424 -343 0
-424 -505 0
-424 -586 0
-424 -667 0
-505 -19 0
-505 -100 0
-505 -181 0
-505 -262 0
-505 -343 0
-505 -424 0
-505 -586 0
-505 -667 0
-586 -19 0
-586 -100 0
-586 -181 0
-586 -262 0
-586 -343 0
-586 -424 0
-586 -505 0
-586 -667 0
-667 -19 0
-667 -100 0
-667 -181 0
-667 -262 0
-667 -343 0
-667 -424 0
-667 -505 0
-667 -586 0
-20 -101 0
-20 -182 0
-20 -263 0
-20 -344 0
-20 -425 0
-20 -506 0
-20 -587 0
-20 -668 0
-101 -20 0
-101 -182 0
-101 -263 0
-101 -344 0
-101 -425 0
-101 -506 0
-101 -587 0
-101 -668 0
-182 -20 0
-182 -101 0
-182 -263 0
-182 -344 0
-182 -425 0
-182 -506 0
-182 -587 0
-182 -668 0
-263 -20 0
-263 -101 0
-263 -182 0
-263 -344 0
-263 -425 0
-263 -506 0
-263 -587 0
-263 -668 0
-344 -20 0
-344 -101 0
-344 -182 0
-344 -263 0
-344 -425 0
-344 -506 0
-344 -587 0
-344 -668 0
-425 -20 0
-425 -101 0
-425 -182 0
-425 -263 0
-425 -344 0
-425 -506 0
-425 -587 0
-425 -668 0
-506 -20 0
-506 -101 0
-506 -182 0
-506 -263 0
-506 -344 0
-506 -425 0
-506 -587 0
-506 -668 0
-587 -20 0
-587 -101 0
-587 -182 0
-587 -263 0
-587 -344 0
-587 -425 0
-587 -506 0
-587 -668 0
-668 -20 0
-668 -101 0
-668 -182 0
-668 -263 0
-668 -344 0
-668 -425 0
-668 -506 0
-668 -587 0
-21 -102 0
-21 -183 0
-21 -264 0
-21 -345 0
-21 -426 0
-21 -507 0
-21 -588 0
-21 -669 0
-102 -21 0
-102 -183 0
-102 -264 0
-102 -345 0
-102 -426 0
-102 -507 0
-102 -588 0
-102 -669 0
-183 -21 0
-183 -102 0
-183 -264 0
-183 -345 0
-183 -426 0
-183 -507 0
-183 -588 0
-183 -669 0
-264 -21 0
-264 -102 0
-264 -183 0
-264 -345 0
-264 -426 0
-264 -507 0
-264 -588 0
-264 -669 0
-345 -21 0
-345 -102 0
-345 -183 0
-345 -264 0
-345 -426 0
-345 -507 0
-345 -588 0
-345 -669 0
-426 -21 0
-426 -102 0
-426 -183 0
-426 -264 0
-426 -345 0
-426 -507 0
-426 -588 0
-426 -669 0
-507 -21 0
-507 -102 0
-507 -183 0
-507 -264 0
-507 -345 0
-507 -426 0
-507 -588 0
-507 -669 0
-588 -21 0
-588 -102 0
-588 -183 0
-588 -264 0
-588 -345 0
-588 -426 0
-588 -507 0
-588 -669 0
-669 -21 0
-669 -102 0
-669 -183 0
-669 -264 0
-669 -345 0
-669 -426 0
-669 -507 0
-669 -588 0
-22 -103 0
-22 -184 0
-22 -265 0
-22 -346 0
-22 -427 0
-22 -508 0
-22 -589 0
-22 -670 0
-103 -22 0
-103 -184 0
-103 -265 0
-103 -346 0
-103 -427 0
-103 -508 0
-103 -589 0
-103 -670 0
-184 -22 0
-184 -103 0
-184 -265 0
-184 -346 0
-184 -427 0
-184 -508 0
-184 -589 0
-184 -670 0
-265 -22 0
-265 -103 0
-265 -184 0
-265 -346 0
-265 -427 0
-265 -508 0
-265 -589 0
-265 -670 0
-346 -22 0
-346 -103 0
-346 -184 0
-346 -265 0
-346 -427 0
-346 -508 0
-346 -589 0
-346 -670 0
-427 -22 0
-427 -103 0
-427 -184 0
-427 -265 0
-427 -346 0
-427 -508 0
-427 -589 0
-427 -670 0
-508 -22 0
-508 -103 0
-508 -184 0
-508 -265 0
-508 -346 0
-508 -427 0
-508 -589 0
-508 -670 0
-589 -22 0
-589 -103 0
-589 -184 0
-589 -265 0
-589 -346 0
-589 -427 0
-589 -508 0
-589 -670 0
-670 -22 0
-670 -103 0
-670 -184 0
-670 -265 0
-670 -346 0
-670 -427 0
-670 -508 0
-670 -589 0
-23 -104 0
-23 -185 0
-23 -266 0
-23 -347 0
-23 -428 0
-23 -509 0
-23 -590 0
-23 -671 0
-104 -23 0
-104 -185 0
-104 -266 0
-104 -347 0
-104 -428 0
-104 -509 0
-104 -590 0
-104 -671 0
-185 -23 0
-185 -104 0
-185 -266 0
-185 -347 0
-185 -428 0
-185 -509 0
-185 -590 0
-185 -671 0
-266 -23 0
-266 -104 0
-266 -185 0
-266 -347 0
-266 -428 0
-266 -509 0
-266 -590 0
-266 -671 0
-347 -23 0
-347 -104 0
-347 -185 0
-347 -266 0
-347 -428 0
-347 -509 0
-347 -590 0
-347 -671 0
-428 -23 0
-428 -104 0
-428 -185 0
-428 -266 0
-428 -347 0
-428 -509 0
-428 -590 0
-428 -671 0
-509 -23 0
-509 -104 0
-509 -185 0
-509 -266 0
-509 -347 0
-509 -428 0
-509 -590 0
-509 -671 0
-590 -23 0
-590 -104 0
-590 -185 0
-590 -266 0
-590 -347 0
-590 -428 0
-590 -509 0
-590 -671 0
-671 -23 0
-671 -104 0
-671 -185 0
-671 -266 0
-671 -347 0
-671 -428 0
-671 -509 0
-671 -590 0
-24 -105 0
-24 -186 0
-24 -267 0
-24 -348 0
-24 -429 0
-24 -510 0
-24 -591 0
-24 -672 0
-105 -24 0
-105 -186 0
-105 -267 0
-105 -348 0
-105 -429 0
-105 -510 0
-105 -591 0
-105 -672 0
-186 -24 0
-186 -105 0
-186 -267 0
-186 -348 0
-186 -429 0
-186 -510 0
-186 -591 0
-186 -672 0
-267 -24 0
-267 -105 0
-267 -186 0
-267 -348 0
-267 -429 0
-267 -510 0
-267 -591 0
-267 -672 0
-348 -24 0
-348 -105 0
-348 -186 0
-348 -267 0
-348 -429 0
-348 -510 0
-348 -591 0
-348 -672 0
-429 -24 0
-429 -105 0
-429 -186 0
-429 -267 0
-429 -348 0
-429 -510 0
-429 -591 0
-429 -672 0
-510 -24 0
-510 -105 0
-510 -186 0
-510 -267 0
-510 -348 0
-510 -429 0
-510 -591 0
-510 -672 0
-591 -24 0
-591 -105 0
-591 -186 0
-591 -267 0
-591 -348 0
-591 -429 0
-591 -510 0
-591 -672 0
-672 -24 0
-672 -105 0
-672 -186 0
-672 -267 0
-672 -348 0
-672 -429 0
-672 -510 0
-672 -591 0
-25 -106 0
-25 -187 0
-25 -268 0
-25 -349 0
-25 -430 0
-25 -511 0
-25 -592 0
-25 -673 0
-106 -25 0
-106 -187 0
-106 -268 0
-106 -349 0
-106 -430 0
-106 -511 0
-106 -592 0
-106 -673 0
-187 -25 0
-187 -106 0
-187 -268 0
-187 -349 0
-187 -430 0
-187 -511 0
-187 -592 0
-187 -673 0
-268 -25 0
-268 -106 0
-268 -187 0
-268 -349 0
-268 -430 0
-268 -511 0
-268 -592 0
-268 -673 0
-349 -25 0
-349 -106 0
-349 -187 0
-349 -268 0
-349 -430 0
-349 -511 0
-349 -592 0
-349 -673 0
-430 -25 0
-430 -106 0
-430 -187 0
-430 -268 0
-430 -349 0
-430 -511 0
-430 -592 0
-430 -673 0
-511 -25 0
-511 -106 0
-511 -187 0
-511 -268 0
-511 -349 0
-511 -430 0
-511 -592 0
-511 -673 0
-592 -25 0
-592 -106 0
-592 -187 0
-592 -268 0
-592 -349 0
-592 -430 0
-592 -511 0
-592 -673 0
-673 -25 0
-673 -106 0
-673 -187 0
-673 -268 0
-673 -349 0
-673 -430 0
-673 -511 0
-673 -592 0
-26 -107 0
-26 -188 0
-26 -269 0
-26 -350 0
-26 -431 0
-26 -512 0
-26 -593 0
-26 -674 0
-107 -26 0
-107 -188 0
-107 -269 0
-107 -350 0
-107 -431 0
-107 -512 0
-107 -593 0
-107 -674 0
-188 -26 0
-188 -107 0
-188 -269 0
-188 -350 0
-188 -431 0
-188 -512 0
-188 -593 0
-188 -674 0
-269 -26 0
-269 -107 0
-269 -188 0
-269 -350 0
-269 -431 0
-269 -512 0
-269 -593 0
-269 -674 0
-350 -26 0
-350 -107 0
-350 -188 0
-350 -269 0
-350 -431 0
-350 -512 0
-350 -593 0
-350 -674 0
-431 -26 0
-431 -107 0
-431 -188 0
-431 -269 0
-431 -350 0
-431 -512 0
-431 -593 0
-431 -674 0
-512 -26 0
-512 -107 0
-512 -188 0
-512 -269 0
-512 -350 0
-512 -431 0
-512 -593 0
-512 -674 0
-593 -26 0
-593 -107 0
-593 -188 0
-593 -269 0
-593 -350 0
-593 -431 0
-593 -512 0
-593 -674 0
-674 -26 0
-674 -107 0
-674 -188 0
-674 -269 0
-674 -350 0
-674 -431 0
-674 -512 0
-674 -593 0
-27 -108 0
-27 -189 0
-27 -270 0
-27 -351 0
-27 -432 0
-27 -513 0
-27 -594 0
-27 -675 0
-108 -27 0
-108 -189 0
-108 -270 0
-108 -351 0
-108 -432 0
-108 -513 0
-108 -594 0
-108 -675 0
-189 -27 0
-189 -108 0
-189 -270 0
-189 -351 0
-189 -432 0
-189 -513 0
-189 -594 0
-189 -675 0
-270 -27 0
-270 -108 0
-270 -189 0
-270 -351 0
-270 -432 0
-270 -513 0
-270 -594 0
-270 -675 0
-351 -27 0
-351 -108 0
-351 -189 0
-351 -270 0
-351 -432 0
-351 -513 0
-351 -594 0
-351 -675 0
-432 -27 0
-432 -108 0
-432 -189 0
-432 -270 0
-432 -351 0
-432 -513 0
-432 -594 0
-432 -675 0
-513 -27 0
-513 -108 0
-513 -189 0
-513 -270 0
-513 -351 0
-513 -432 0
-513 -594 0
-513 -675 0
-594 -27 0
-594 -108 0
-594 -189 0
-594 -270 0
-594 -351 0
-594 -432 0
-594 -513 0
-594 -675 0
-675 -27 0
-675 -108 0
-675 -189 0
-675 -270 0
-675 -351 0
-675 -432 0
-675 -513 0
-675 -594 0
-28 -109 0
-28 -190 0
-28 -271 0
-28 -352 0
-28 -433 0
-28 -514 0
-28 -595 0
-28 -676 0
-109 -28 0
-109 -190 0
-109 -271 0
-109 -352 0
-109 -433 0
-109 -514 0
-109 -595 0
-109 -676 0
-190 -28 0
-190 -109 0
-190 -271 0
-190 -352 0
-190 -433 0
-190 -514 0
-190 -595 0
-190 -676 0
-271 -28 0
-271 -109 0
-271 -190 0
-271 -352 0
-271 -433 0
-271 -514 0
-271 -595 0
-271 -676 0
-352 -28 0
-352 -109 0
-352 -190 0
-352 -271 0
-352 -433 0
-352 -514 0
-352 -595 0
-352 -676 0
-433 -28 0
-433 -109 0
-433 -190 0
-433 -271 0
-433 -352 0
-433 -514 0
-433 -595 0
-433 -676 0
-514 -28 0
-514 -109 0
-514 -190 0
-514 -271 0
-514 -352 0
-514 -433 0
-514 -595 0
-514 -676 0
-595 -28 0
-595 -109 0
-595 -190 0
-595 -271 0
-595 -352 0
-595 -433 0
-595 -514 0
-595 -676 0
-676 -28 0
-676 -109 0
-676 -190 0
-676 -271 0
-676 -352 0
-676 -433 0
-676 -514 0
-676 -595 0
-29 -110 0
-29 -191 0
-29 -272 0
-29 -353 0
-29 -434 0
-29 -515 0
-29 -596 0
-29 -677 0
-110 -29 0
-110 -191 0
-110 -272 0
-110 -353 0
-110 -434 0
-110 -515 0
-110 -596 0
-110 -677 0
-191 -29 0
-191 -110 0
-191 -272 0
-191 -353 0
-191 -434 0
-191 -515 0
-191 -596 0
-191 -677 0
-272 -29 0
-272 -110 0
-272 -191 0
-272 -353 0
-272 -434 0
-272 -515 0
-272 -596 0
-272 -677 0
-353 -29 0
-353 -110 0
-353 -191 0
-353 -272 0
-353 -434 0
-353 -515 0
-353 -596 0
-353 -677 0
-434 -29 0
-434 -110 0
-434 -191 0
-434 -272 0
-434 -353 0
-434 -515 0
-434 -596 0
-434 -677 0
-515 -29 0
-515 -110 0
-515 -191 0
-515 -272 0
-515 -353 0
-515 -434 0
-515 -596 0
-515 -677 0
-596 -29 0
-596 -110 0
-596 -191 0
-596 -272 0
-596 -353 0
-596 -434 0
-596 -515 0
-596 -677 0
-677 -29 0
-677 -110 0
-677 -191 0
-677 -272 0
-677 -353 0
-677 -434 0
-677 -515 0
-677 -596 0
-30 -111 0
-30 -192 0
-30 -273 0
-30 -354 0
-30 -435 0
-30 -516 0
-30 -597 0
-30 -678 0
-111 -30 0
-111 -192 0
-111 -273 0
-111 -354 0
-111 -435 0
-111 -516 0
-111 -597 0
-111 -678 0
-192 -30 0
-192 -111 0
-192 -273 0
-192 -354 0
-192 -435 0
-192 -516 0
-192 -597 0
-192 -678 0
-273 -30 0
-273 -111 0
-273 -192 0
-273 -354 0
-273 -435 0
-273 -516 0
-273 -597 0
-273 -678 0
-354 -30 0
-354 -111 0
-354 -192 0
-354 -273 0
-354 -435 0
-354 -516 0
-354 -597 0
-354 -678 0
-435 -30 0
-435 -111 0
-435 -192 0
-435 -273 0
-435 -354 0
-435 -516 0
-435 -597 0
-435 -678 0
-516 -30 0
-516 -111 0
-516 -192 0
-516 -273 0
-516 -354 0
-516 -435 0
-516 -597 0
-516 -678 0
-597 -30 0
-597 -111 0
-597 -192 0
-597 -273 0
-597 -354 0
-597 -435 0
-597 -516 0
-597 -678 0
-678 -30 0
-678 -111 0
-678 -192 0
-678 -273 0
-678 -354 0
-678 -435 0
-678 -516 0
-678 -597 0
-31 -112 0
-31 -193 0
-31 -274 0
-31 -355 0
-31 -436 0
-31 -517 0
-31 -598 0
-31 -679 0
-112 -31 0
-112 -193 0
-112 -274 0
-112 -355 0
-112 -436 0
-112 -517 0
-112 -598 0
-112 -679 0
-193 -31 0
-193 -112 0
-193 -274 0
-193 -355 0
-193 -436 0
-193 -517 0
-193 -598 0
-193 -679 0
-274 -31 0
-274 -112 0
-274 -193 0
-274 -355 0
-274 -436 0
-274 -517 0
-274 -598 0
-274 -679 0
-355 -31 0
-355 -112 0
-355 -193 0
-355 -274 0
-355 -436 0
-355 -517 0
-355 -598 0
-355 -679 0
-436 -31 0
-436 -112 0
-436 -193 0
-436 -274 0
-436 -355 0
-436 -517 0
-436 -598 0
-436 -679 0
-517 -31 0
-517 -112 0
-517 -193 0
-517 -274 0
-517 -355 0
-517 -436 0
-517 -598 0
-517 -679 0
-598 -31 0
-598 -112 0
-598 -193 0
-598 -274 0
-598 -355 0
-598 -436 0
-598 -517 0
-598 -679 0
-679 -31 0
-679 -112 0
-679 -193 0
-679 -274 0
-679 -355 0
-679 -436 0
-679 -517 0
-679 -598 0
-32 -113 0
-32 -194 0
-32 -275 0
-32 -356 0
-32 -437 0
-32 -518 0
-32 -599 0
-32 -680 0
-113 -32 0
-113 -194 0
-113 -275 0
-113 -356 0
-113 -437 0
-113 -518 0
-113 -599 0
-113 -680 0
-194 -32 0
-194 -113 0
-194 -275 0
-194 -356 0
-194 -437 0
-194 -518 0
-194 -599 0
-194 -680 0
-275 -32 0
-275 -113 0
-275 -194 0
-275 -356 0
-275 -437 0
-275 -518 0
-275 -599 0
-275 -680 0
-356 -32 0
-356 -113 0
-356 -194 0
-356 -275 0
-356 -437 0
-356 -518 0
-356 -599 0
-356 -680 0
-437 -32 0
-437 -113 0
-437 -194 0
-437 -275 0
-437 -356 0
-437 -518 0
-437 -599 0
-437 -680 0
-518 -32 0
-518 -113 0
-518 -194 0
-518 -275 0
-518 -356 0
-518 -437 0
-518 -599 0
-518 -680 0
-599 -32 0
-599 -113 0
-599 -194 0
-599 -275 0
-599 -356 0
-599 -437 0
-599 -518 0
-599 -680 0
-680 -32 0
-680 -113 0
-680 -194 0
-680 -275 0
-680 -356 0
-680 -437 0
-680 -518 0
-680 -599 0
-33 -114 0
-33 -195 0
-33 -276 0
-33 -357 0
-33 -438 0
-33 -519 0
-33 -600 0
-33 -681 0
-114 -33 0
-114 -195 0
-114 -276 0
-114 -357 0
-114 -438 0
-114 -519 0
-114 -600 0
-114 -681 0
-195 -33 0
-195 -114 0
-195 -276 0
-195 -357 0
-195 -438 0
-195 -519 0
-195 -600 0
-195 -681 0
-276 -33 0
-276 -114 0
-276 -195 0
-276 -357 0
-276 -438 0
-276 -519 0
-276 -600 0
-276 -681 0
-357 -33 0
-357 -114 0
-357 -195 0
-357 -276 0
-357 -438 0
-357 -519 0
-357 -600 0
-357 -681 0
-438 -33 0
-438 -114 0
-438 -195 0
-438 -276 0
-438 -357 0
-438 -519 0
-438 -600 0
-438 -681 0
-519 -33 0
-519 -114 0
-519 -195 0
-519 -276 0
-519 -357 0
-519 -438 0
-519 -600 0
-519 -681 0
-600 -33 0
-600 -114 0
-600 -195 0
-600 -276 0
-600 -357 0
-600 -438 0
-600 -519 0
-600 -681 0
-681 -33 0
-681 -114 0
-681 -195 0
-681 -276 0
-681 -357 0
-681 -438 0
-681 -519 0
-681 -600 0
-34 -115 0
-34 -196 0
-34 -277 0
-34 -358 0
-34 -439 0
-34 -520 0
-34 -601 0
-34 -682 0
-115 -34 0
-115 -196 0
-115 -277 0
-115 -358 0
-115 -439 0
-115 -520 0
-115 -601 0
-115 -682 0
-196 -34 0
-196 -115 0
-196 -277 0
-196 -358 0
-196 -439 0
-196 -520 0
-196 -601 0
-196 -682 0
-277 -34 0
-277 -115 0
-277 -196 0
-277 -358 0
-277 -439 0
-277 -520 0
-277 -601 0
-277 -682 0
-358 -34 0
-358 -115 0
-358 -196 0
-358 -277 0
-358 -439 0
-358 -520 0
-358 -601 0
-358 -682 0
-439 -34 0
-439 -115 0
-439 -196 0
-439 -277 0
-439 -358 0
-439 -520 0
-439 -601 0
-439 -682 0
-520 -34 0
-520 -115 0
-520 -196 0
-520 -277 0
-520 -358 0
-520 -439 0
-520 -601 0
-520 -682 0
-601 -34 0
-601 -115 0
-601 -196 0
-601 -277 0
-601 -358 0
-601 -439 0
-601 -520 0
-601 -682 0
-682 -34 0
-682 -115 0
-682 -196 0
-682 -277 0
-682 -358 0
-682 -439 0
-682 -520 0
-682 -601 0
-35 -116 0
-35 -197 0
-35 -278 0
-35 -359 0
-35 -440 0
-35 -521 0
-35 -602 0
-35 -683 0
-116 -35 0
-116 -197 0
-116 -278 0
-116 -359 0
-116 -440 0
-116 -521 0
-116 -602 0
-116 -683 0
-197 -35 0
-197 -116 0
-197 -278 0
-197 -359 0
-197 -440 0
-197 -521 0
-197 -602 0
-197 -683 0
-278 -35 0
-278 -116 0
-278 -197 0
-278 -359 0
-278 -440 0
-278 -521 0
-278 -602 0
-278 -683 0
-359 -35 0
-359 -116 0
-359 -197 0
-359 -278 0
-359 -440 0
-359 -521 0
-359 -602 0
-359 -683 0
-440 -35 0
-440 -116 0
-440 -197 0
-440 -278 0
-440 -359 0
-440 -521 0
-440 -602 0
-440 -683 0
-521 -35 0
-521 -116 0
-521 -197 0
-521 -278 0
-521 -359 0
-521 -440 0
-521 -602 0
-521 -683 0
-602 -35 0
-602 -116 0
-602 -197 0
-602 -278 0
-602 -359 0
-602 -440 0
-602 -521 0
-602 -683 0
-683 -35 0
-683 -116 0
-683 -197 0
-683 -278 0
-683 -359 0
-683 -440 0
-683 -521 0
-683 -602 0
-36 -117 0
-36 -198 0
-36 -279 0
-36 -360 0
-36 -441 0
-36 -522 0
-36 -603 0
-36 -684 0
-117 -36 0
-117 -198 0
-117 -279 0
-117 -360 0
-117 -441 0
-117 -522 0
-117 -603 0
-117 -684 0
-198 -36 0
-198 -117 0
-198 -279 0
-198 -360 0
-198 -441 0
-198 -522 0
-198 -603 0
-198 -684 0
-279 -36 0
-279 -117 0
-279 -198 0
-279 -360 0
-279 -441 0
-279 -522 0
-279 -603 0
-279 -684 0
-360 -36 0
-360 -117 0
-360 -198 0
-360 -279 0
-360 -441 0
-360 -522 0
-360 -603 0
-360 -684 0
-441 -36 0
-441 -117 0
-441 -198 0
-441 -279 0
-441 -360 0
-441 -522 0
-441 -603 0
-441 -684 0
-522 -36 0
-522 -117 0
-522 -198 0
-522 -279 0
-522 -360 0
-522 -441 0
-522 -603 0
-522 -684 0
-603 -36 0
-603 -117 0
-603 -198 0
-603 -279 0
-603 -360 0
-603 -441 0
-603 -522 0
-603 -684 0
-684 -36 0
-684 -117 0
-684 -198 0
-684 -279 0
-684 -360 0
-684 -441 0
-684 -522 0
-684 -603 0
-37 -118 0
-37 -199 0
-37 -280 0
-37 -361 0
-37 -442 0
-37 -523 0
-37 -604 0
-37 -685 0
-118 -37 0
-118 -199 0
-118 -280 0
-118 -361 0
-118 -442 0
-118 -523 0
-118 -604 0
-118 -685 0
-199 -37 0
-199 -118 0
-199 -280 0
-199 -361 0
-199 -442 0
-199 -523 0
-199 -604 0
-199 -685 0
-280 -37 0
-280 -118 0
-280 -199 0
-280 -361 0
-280 -442 0
-280 -523 0
-280 -604 0
-280 -685 0
-361 -37 0
-361 -118 0
-361 -199 0
-361 -280 0
-361 -442 0
-361 -523 0
-361 -604 0
-361 -685 0
-442 -37 0
-442 -118 0
-442 -199 0
-442 -280 0
-442 -361 0
-442 -523 0
-442 -604 0
-442 -685 0
-523 -37 0
-523 -118 0
-523 -199 0
-523 -280 0
-523 -361 0
-523 -442 0
-523 -604 0
-523 -685 0
-604 -37 0
-604 -118 0
-604 -199 0
-604 -280 0
-604 -361 0
-604 -442 0
-604 -523 0
-604 -685 0
-685 -37 0
-685 -118 0
-685 -199 0
-685 -280 0
-685 -361 0
-685 -442 0
-685 -523 0
-685 -604 0
-38 -119 0
-38 -200 0
-38 -281 0
-38 -362 0
-38 -443 0
-38 -524 0
-38 -605 0
-38 -686 0
-119 -38 0
-119 -200 0
-119 -281 0
-119 -362 0
-119 -443 0
-119 -524 0
-119 -605 0
-119 -686 0
-200 -38 0
-200 -119 0
-200 -281 0
-200 -362 0
-200 -443 0
-200 -524 0
-200 -605 0
-200 -686 0
-281 -38 0
-281 -119 0
-281 -200 0
-281 -362 0
-281 -443 0
-281 -524 0
-281 -605 0
-281 -686 0
-362 -38 0
-362 -119 0
-362 -200 0
-362 -281 0
-362 -443 0
-362 -524 0
-362 -605 0
-362 -686 0
-443 -38 0
-443 -119 0
-443 -200 0
-443 -281 0
-443 -362 0
-443 -524 0
-443 -605 0
-443 -686 0
-524 -38 0
-524 -119 0
-524 -200 0
-524 -281 0
-524 -362 0
-524 -443 0
-524 -605 0
-524 -686 0
-605 -38 0
-605 -119 0
-605 -200 0
-605 -281 0
-605 -362 0
-605 -443 0
-605 -524 0
-605 -686 0
-686 -38 0
-686 -119 0
-686 -200 0
-686 -281 0
-686 -362 0
-686 -443 0
-686 -524 0
-686 -605 0
-39 -120 0
-39 -201 0
-39 -282 0
-39 -363 0
-39 -444 0
-39 -525 0
-39 -606 0
-39 -687 0
-120 -39 0
-120 -201 0
-120 -282 0
-120 -363 0
-120 -444 0
-120 -525 0
-120 -606 0
-120 -687 0
-201 -39 0
-201 -120 0
-201 -282 0
-201 -363 0
-201 -444 0
-201 -525 0
-201 -606 0
-201 -687 0
-282 -39 0
-282 -120 0
-282 -201 0
-282 -363 0
-282 -444 0
-282 -525 0
-282 -606 0
-282 -687 0
-363 -39 0
-363 -120 0
-363 -201 0
-363 -282 0
-363 -444 0
-363 -525 0
-363 -606 0
-363 -687 0
-444 -39 0
-444 -120 0
-444 -201 0
-444 -282 0
-444 -363 0
-444 -525 0
-444 -606 0
-444 -687 0
-525 -39 0
-525 -120 0
-525 -201 0
-525 -282 0
-525 -363 0
-525 -444 0
-525 -606 0
-525 -687 0
-606 -39 0
-606 -120 0
-606 -201 0
-606 -282 0
-606 -363 0
-606 -444 0
-606 -525 0
-606 -687 0
-687 -39 0
-687 -120 0
-687 -201 0
-687 -282 0
-687 -363 0
-687 -444 0
-687 -525 0
-687 -606 0
-40 -121 0
-40 -202 0
-40 -283 0
-40 -364 0
-40 -445 0
-40 -526 0
-40 -607 0
-40 -688 0
-121 -40 0
-121 -202 0
-121 -283 0
-121 -364 0
-121 -445 0
-121 -526 0
-121 -607 0
-121 -688 0
-202 -40 0
-202 -121 0
-202 -283 0
-202 -364 0
-202 -445 0
-202 -526 0
-202 -607 0
-202 -688 0
-283 -40 0
-283 -121 0
-283 -202 0
-283 -364 0
-283 -445 0
-283 -526 0
-283 -607 0
-283 -688 0
-364 -40 0
-364 -121 0
-364 -202 0
-364 -283 0
-364 -445 0
-364 -526 0
-364 -607 0
-364 -688 0
-445 -40 0
-445 -121 0
-445 -202 0
-445 -283 0
-445 -364 0
-445 -526 0
-445 -607 0
-445 -688 0
-526 -40 0
-526 -121 0
-526 -202 0
-526 -283 0
-526 -364 0
-526 -445 0
-526 -607 0
-526 -688 0
-607 -40 0
-607 -121 0
-607 -202 0
-607 -283 0
-607 -364 0
-607 -445 0
-607 -526 0
-607 -688 0
-688 -40 0
-688 -121 0
-688 -202 0
-688 -283 0
-688 -364 0
-688 -445 0
-688 -526 0
-688 -607 0
-41 -122 0
-41 -203 0
-41 -284 0
-41 -365 0
-41 -446 0
-41 -527 0
-41 -608 0
-41 -689 0
-122 -41 0
-122 -203 0
-122 -284 0
-122 -365 0
-122 -446 0
-122 -527 0
-122 -608 0
-122 -689 0
-203 -41 0
-203 -122 0
-203 -284 0
-203 -365 0
-203 -446 0
-203 -527 0
-203 -608 0
-203 -689 0
-284 -41 0
-284 -122 0
-284 -203 0
-284 -365 0
-284 -446 0
-284 -527 0
-284 -608 0
-284 -689 0
-365 -41 0
-365 -122 0
-365 -203 0
-365 -284 0
-365 -446 0
-365 -527 0
-365 -608 0
-365 -689 0
-446 -41 0
-446 -122 0
-446 -203 0
-446 -284 0
-446 -365 0
-446 -527 0
-446 -608 0
-446 -689 0
-527 -41 0
-527 -122 0
-527 -203 0
-527 -284 0
-527 -365 0
-527 -446 0
-527 -608 0
-527 -689 0
-608 -41 0
-608 -122 0
-608 -203 0
-608 -284 0
-608 -365 0
-608 -446 0
-608 -527 0
-608 -689 0
-689 -41 0
-689 -122 0
-689 -203 0
-689 -284 0
-689 -365 0
-689 -446 0
-689 -527 0
-689 -608 0
-42 -123 0
-42 -204 0
-42 -285 0
-42 -366 0
-42 -447 0
-42 -528 0
-42 -609 0
-42 -690 0
-123 -42 0
-123 -204 0
-123 -285 0
-123 -366 0
-123 -447 0
-123 -528 0
-123 -609 0
-123 -690 0
-204 -42 0
-204 -123 0
-204 -285 0
-204 -366 0
-204 -447 0
-204 -528 0
-204 -609 0
-204 -690 0
-285 -42 0
-285 -123 0
-285 -204 0
-285 -366 0
-285 -447 0
-285 -528 0
-285 -609 0
-285 -690 0
-366 -42 0
-366 -123 0
-366 -204 0
-366 -285 0
-366 -447 0
-366 -528 0
-366 -609 0
-366 -690 0
-447 -42 0
-447 -123 0
-447 -204 0
-447 -285 0
-447 -366 0
-447 -528 0
-447 -609 0
-447 -690 0
-528 -42 0
-528 -123 0
-528 -204 0
-528 -285 0
-528 -366 0
-528 -447 0
-528 -609 0
-528 -690 0
-609 -42 0
-609 -123 0
-609 -204 0
-609 -285 0
-609 -366 0
-609 -447 0
-609 -528 0
-609 -690 0
-690 -42 0
-690 -123 0
-690 -204 0
-690 -285 0
-690 -366 0
-690 -447 0
-690 -528 0
-690 -609 0
-43 -124 0
-43 -205 0
-43 -286 0
-43 -367 0
-43 -448 0
-43 -529 0
-43 -610 0
-43 -691 0
-124 -43 0
-124 -205 0
-124 -286 0
-124 -367 0
-124 -448 0
-124 -529 0
-124 -610 0
-124 -691 0
-205 -43 0
-205 -124 0
-205 -286 0
-205 -367 0
-205 -448 0
-205 -529 0
-205 -610 0
-205 -691 0
-286 -43 0
-286 -124 0
-286 -205 0
-286 -367 0
-286 -448 0
-286 -529 0
-286 -610 0
-286 -691 0
-367 -43 0
-367 -124 0
-367 -205 0
-367 -286 0
-367 -448 0
-367 -529 0
-367 -610 0
-367 -691 0
-448 -43 0
-448 -124 0
-448 -205 0
-448 -286 0
-448 -367 0
-448 -529 0
-448 -610 0
-448 -691 0
-529 -43 0
-529 -124 0
-529 -205 0
-529 -286 0
-529 -367 0
-529 -448 0
-529 -610 0
-529 -691 0
-610 -43 0
-610 -124 0
-610 -205 0
-610 -286 0
-610 -367 0
-610 -448 0
-610 -529 0
-610 -691 0
-691 -43 0
-691 -124 0
-691 -205 0
-691 -286 0
-691 -367 0
-691 -448 0
-691 -529 0
-691 -610 0
-44 -125 0
-44 -206 0
-44 -287 0
-44 -368 0
-44 -449 0
-44 -530 0
-44 -611 0
-44 -692 0
-125 -44 0
-125 -206 0
-125 -287 0
-125 -368 0
-125 -449 0
-125 -530 0
-125 -611 0
-125 -692 0
-206 -44 0
-206 -125 0
-206 -287 0
-206 -368 0
-206 -449 0
-206 -530 0
-206 -611 0
-206 -692 0
-287 -44 0
-287 -125 0
-287 -206 0
-287 -368 0
-287 -449 0
-287 -530 0
-287 -611 0
-287 -692 0
-368 -44 0
-368 -125 0
-368 -206 0
-368 -287 0
-368 -449 0
-368 -530 0
-368 -611 0
-368 -692 0
-449 -44 0
-449 -125 0
-449 -206 0
-449 -287 0
-449 -368 0
-449 -530 0
-449 -611 0
-449 -692 0
-530 -44 0
-530 -125 0
-530 -206 0
-530 -287 0
-530 -368 0
-530 -449 0
-530 -611 0
-530 -692 0
-611 -44 0
-611 -125 0
-611 -206 0
-611 -287 0
-611 -368 0
-611 -449 0
-611 -530 0
-611 -692 0
-692 -44 0
-692 -125 0
-692 -206 0
-692 -287 0
-692 -368 0
-692 -449 0
-692 -530 0
-692 -611 0
-45 -126 0
-45 -207 0
-45 -288 0
-45 -369 0
-45 -450 0
-45 -531 0
-45 -612 0
-45 -693 0
-126 -45 0
-126 -207 0
-126 -288 0
-126 -369 0
-126 -450 0
-126 -531 0
-126 -612 0
-126 -693 0
-207 -45 0
-207 -126 0
-207 -288 0
-207 -369 0
-207 -450 0
-207 -531 0
-207 -612 0
-207 -693 0
-288 -45 0
-288 -126 0
-288 -207 0
-288 -369 0
-288 -450 0
-288 -531 0
-288 -612 0
-288 -693 0
-369 -45 0
-369 -126 0
-369 -207 0
-369 -288 0
-369 -450 0
-369 -531 0
-369 -612 0
-369 -693 0
-450 -45 0
-450 -126 0
-450 -207 0
-450 -288 0
-450 -369 0
-450 -531 0
-450 -612 0
-450 -693 0
-531 -45 0
-531 -126 0
-531 -207 0
-531 -288 0
-531 -369 0
-531 -450 0
-531 -612 0
-531 -693 0
-612 -45 0
-612 -126 0
-612 -207 0
-612 -288 0
-612 -369 0
-612 -450 0
-612 -531 0
-612 -693 0
-693 -45 0
-693 -126 0
-693 -207 0
-693 -288 0
-693 -369 0
-693 -450 0
-693 -531 0
-693 -612 0
-46 -127 0
-46 -208 0
-46 -289 0
-46 -370 0
-46 -451 0
-46 -532 0
-46 -613 0
-46 -694 0
-127 -46 0
-127 -208 0
-127 -289 0
-127 -370 0
-127 -451 0
-127 -532 0
-127 -613 0
-127 -694 0
-208 -46 0
-208 -127 0
-208 -289 0
-208 -370 0
-208 -451 0
-208 -532 0
-208 -613 0
-208 -694 0
-289 -46 0
-289 -127 0
-289 -208 0
-289 -370 0
-289 -451 0
-289 -532 0
-289 -613 0
-289 -694 0
-370 -46 0
-370 -127 0
-370 -208 0
-370 -289 0
-370 -451 0
-370 -532 0
-370 -613 0
-370 -694 0
-451 -46 0
-451 -127 0
-451 -208 0
-451 -289 0
-451 -370 0
-451 -532 0
-451 -613 0
-451 -694 0
-532 -46 0
-532 -127 0
-532 -208 0
-532 -289 0
-532 -370 0
-532 -451 0
-532 -613 0
-532 -694 0
-613 -46 0
-613 -127 0
-613 -208 0
-613 -289 0
-613 -370 0
-613 -451 0
-613 -532 0
-613 -694 0
-694 -46 0
-694 -127 0
-694 -208 0
-694 -289 0
-694 -370 0
-694 -451 0
-694 -532 0
-694 -613 0
-47 -128 0
-47 -209 0
-47 -290 0
-47 -371 0
-47 -452 0
-47 -533 0
-47 -614 0
-47 -695 0
-128 -47 0
-128 -209 0
-128 -290 0
-128 -371 0
-128 -452 0
-128 -533 0
-128 -614 0
-128 -695 0
-209 -47 0
-209 -128 0
-209 -290 0
-209 -371 0
-209 -452 0
-209 -533 0
-209 -614 0
-209 -695 0
-290 -47 0
-290 -128 0
-290 -209 0
-290 -371 0
-290 -452 0
-290 -533 0
-290 -614 0
-290 -695 0
-371 -47 0
-371 -128 0
-371 -209 0
-371 -290 0
-371 -452 0
-371 -533 0
-371 -614 0
-371 -695 0
-452 -47 0
-452 -128 0
-452 -209 0
-452 -290 0
-452 -371 0
-452 -533 0
-452 -614 0
-452 -695 0
-533 -47 0
-533 -128 0
-533 -209 0
-533 -290 0
-533 -371 0
-533 -452 0
-533 -614 0
-533 -695 0
-614 -47 0
-614 -128 0
-614 -209 0
-614 -290 0
-614 -371 0
-614 -452 0
-614 -533 0
-614 -695 0
-695 -47 0
-695 -128 0
-695 -209 0
-695 -290 0
-695 -371 0
-695 -452 0
-695 -533 0
-695 -614 0
-48 -129 0
-48 -210 0
-48 -291 0
-48 -372 0
-48 -453 0
-48 -534 0
-48 -615 0
-48 -696 0
-129 -48 0
-129 -210 0
-129 -291 0
-129 -372 0
-129 -453 0
-129 -534 0
-129 -615 0
-129 -696 0
-210 -48 0
-210 -129 0
-210 -291 0
-210 -372 0
-210 -453 0
-210 -534 0
-210 -615 0
-210 -696 0
-291 -48 0
-291 -129 0
-291 -210 0
-291 -372 0
-291 -453 0
-291 -534 0
-291 -615 0
-291 -696 0
-372 -48 0
-372 -129 0
-372 -210 0
-372 -291 0
-372 -453 0
-372 -534 0
-372 -615 0
-372 -696 0
-453 -48 0
-453 -129 0
-453 -210 0
-453 -291 0
-453 -372 0
-453 -534 0
-453 -615 0
-453 -696 0
-534 -48 0
-534 -129 0
-534 -210 0
-534 -291 0
-534 -372 0
-534 -453 0
-534 -615 0
-534 -696 0
-615 -48 0
-615 -129 0
-615 -210 0
-615 -291 0
-615 -372 0
-615 -453 0
-615 -534 0
-615 -696 0
-696 -48 0
-696 -129 0
-696 -210 0
-696 -291 0
-696 -372 0
-696 -453 0
-696 -534 0
-696 -615 0
-49 -130 0
-49 -211 0
-49 -292 0
-49 -373 0
-49 -454 0
-49 -535 0
-49 -616 0
-49 -697 0
-130 -49 0
-130 -211 0
-130 -292 0
-130 -373 0
-130 -454 0
-130 -535 0
-130 -616 0
-130 -697 0
-211 -49 0
-211 -130 0
-211 -292 0
-211 -373 0
-211 -454 0
-211 -535 0
-211 -616 0
-211 -697 0
-292 -49 0
-292 -130 0
-292 -211 0
-292 -373 0
-292 -454 0
-292 -535 0
-292 -616 0
-292 -697 0
-373 -49 0
-373 -130 0
-373 -211 0
-373 -292 0
-373 -454 0
-373 -535 0
-373 -616 0
-373 -697 0
-454 -49 0
-454 -130 0
-454 -211 0
-454 -292 0
-454 -373 0
-454 -535 0
-454 -616 0
-454 -697 0
-535 -49 0
-535 -130 0
-535 -211 0
-535 -292 0
-535 -373 0
-535 -454 0
-535 -616 0
-535 -697 0
-616 -49 0
-616 -130 0
-616 -211 0
-616 -292 0
-616 -373 0
-616 -454 0
-616 -535 0
-616 -697 0
-697 -49 0
-697 -130 0
-697 -211 0
-697 -292 0
-697 -373 0
-697 -454 0
-697 -535 0
-697 -616 0
-50 -131 0
-50 -212 0
-50 -293 0
-50 -374 0
-50 -455 0
-50 -536 0
-50 -617 0
-50 -698 0
-131 -50 0
-131 -212 0
-131 -293 0
-131 -374 0
-131 -455 0
-131 -536 0
-131 -617 0
-131 -698 0
-212 -50 0
-212 -131 0
-212 -293 0
-212 -374 0
-212 -455 0
-212 -536 0
-212 -617 0
-212 -698 0
-293 -50 0
-293 -131 0
-293 -212 0
-293 -374 0
-293 -455 0
-293 -536 0
-293 -617 0
-293 -698 0
-374 -50 0
-374 -131 0
-374 -212 0
-374 -293 0
-374 -455 0
-374 -536 0
-374 -617 0
-374 -698 0
-455 -50 0
-455 -131 0
-455 -212 0
-455 -293 0
-455 -374 0
-455 -536 0
-455 -617 0
-455 -698 0
-536 -50 0
-536 -131 0
-536 -212 0
-536 -293 0
-536 -374 0
-536 -455 0
-536 -617 0
-536 -698 0
-617 -50 0
-617 -131 0
-617 -212 0
-617 -293 0
-617 -374 0
-617 -455 0
-617 -536 0
-617 -698 0
-698 -50 0
-698 -131 0
-698 -212 0
-698 -293 0
-698 -374 0
-698 -455 0
-698 -536 0
-698 -617 0
-51 -132 0
-51 -213 0
-51 -294 0
-51 -375 0
-51 -456 0
-51 -537 0
-51 -618 0
-51 -699 0
-132 -51 0
-132 -213 0
-132 -294 0
-132 -375 0
-132 -456 0
-132 -537 0
-132 -618 0
-132 -699 0
-213 -51 0
-213 -132 0
-213 -294 0
-213 -375 0
-213 -456 0
-213 -537 0
-213 -618 0
-213 -699 0
-294 -51 0
-294 -132 0
-294 -213 0
-294 -375 0
-294 -456 0
-294 -537 0
-294 -618 0
-294 -699 0
-375 -51 0
-375 -132 0
-375 -213 0
-375 -294 0
-375 -456 0
-375 -537 0
-375 -618 0
-375 -699 0
-456 -51 0
-456 -132 0
-456 -213 0
-456 -294 0
-456 -375 0
-456 -537 0
-456 -618 0
-456 -699 0
-537 -51 0
-537 -132 0
-537 -213 0
-537 -294 0
-537 -375 0
-537 -456 0
-537 -618 0
-537 -699 0
-618 -51 0
-618 -132 0
-618 -213 0
-618 -294 0
-618 -375 0
-618 -456 0
-618 -537 0
-618 -699 0
-699 -51 0
-699 -132 0
-699 -213 0
-699 -294 0
-699 -375 0
-699 -456 0
-699 -537 0
-699 -618 0
-52 -133 0
-52 -214 0
-52 -295 0
-52 -376 0
-52 -457 0
-52 -538 0
-52 -619 0
-52 -700 0
-133 -52 0
-133 -214 0
-133 -295 0
-133 -376 0
-133 -457 0
-133 -538 0
-133 -619 0
-133 -700 0
-214 -52 0
-214 -133 0
-214 -295 0
-214 -376 0
-214 -457 0
-214 -538 0
-214 -619 0
-214 -700 0
-295 -52 0
-295 -133 0
-295 -214 0
-295 -376 0
-295 -457 0
-295 -538 0
-295 -619 0
-295 -700 0
-376 -52 0
-376 -133 0
-376 -214 0
-376 -295 0
-376 -457 0
-376 -538 0
-376 -619 0
-376 -700 0
-457 -52 0
-457 -133 0
-457 -214 0
-457 -295 0
-457 -376 0
-457 -538 0
-457 -619 0
-457 -700 0
-538 -52 0
-538 -133 0
-538 -214 0
-538 -295 0
-538 -376 0
-538 -457 0
-538 -619 0
-538 -700 0
-619 -52 0
-619 -133 0
-619 -214 0
-619 -295 0
-619 -376 0
-619 -457 0
-619 -538 0
-619 -700 0
-700 -52 0
-700 -133 0
-700 -214 0
-700 -295 0
-700 -376 0
-700 -457 0
-700 -538 0
-700 -619 0
-53 -134 0
-53 -215 0
-53 -296 0
-53 -377 0
-53 -458 0
-53 -539 0
-53 -620 0
-53 -701 0
-134 -53 0
-134 -215 0
-134 -296 0
-134 -377 0
-134 -458 0
-134 -539 0
-134 -620 0
-134 -701 0
-215 -53 0
-215 -134 0
-215 -296 0
-215 -377 0
-215 -458 0
-215 -539 0
-215 -620 0
-215 -701 0
-296 -53 0
-296 -134 0
-296 -215 0
-296 -377 0
-296 -458 0
-296 -539 0
-296 -620 0
-296 -701 0
-377 -53 0
-377 -134 0
-377 -215 0
-377 -296 0
-377 -458 0
-377 -539 0
-377 -620 0
-377 -701 0
-458 -53 0
-458 -134 0
-458 -215 0
-458 -296 0
-458 -377 0
-458 -539 0
-458 -620 0
-458 -701 0
-539 -53 0
-539 -134 0
-539 -215 0
-539 -296 0
-539 -377 0
-539 -458 0
-539 -620 0
-539 -701 0
-620 -53 0
-620 -134 0
-620 -215 0
-620 -296 0
-620 -377 0
-620 -458 0
-620 -539 0
-620 -701 0
-701 -53 0
-701 -134 0
-701 -215 0
-701 -296 0
-701 -377 0
-701 -458 0
-701 -539 0
-701 -620 0
-54 -135 0
-54 -216 0
-54 -297 0
-54 -378 0
-54 -459 0
-54 -540 0
-54 -621 0
-54 -702 0
-135 -54 0
-135 -216 0
-135 -297 0
-135 -378 0
-135 -459 0
-135 -540 0
-135 -621 0
-135 -702 0
-216 -54 0
-216 -135 0
-216 -297 0
-216 -378 0
-216 -459 0
-216 -540 0
-216 -621 0
-216 -702 0
-297 -54 0
-297 -135 0
-297 -216 0
-297 -378 0
-297 -459 0
-297 -540 0
-297 -621 0
-297 -702 0
-378 -54 0
-378 -135 0
-378 -216 0
-378 -297 0
-378 -459 0
-378 -540 0
-378 -621 0
-378 -702 0
-459 -54 0
-459 -135 0
-459 -216 0
-459 -297 0
-459 -378 0
-459 -540 0
-459 -621 0
-459 -702 0
-540 -54 0
-540 -135 0
-540 -216 0
-540 -297 0
-540 -378 0
-540 -459 0
-540 -621 0
-540 -702 0
-621 -54 0
-621 -135 0
-621 -216 0
-621 -297 0
-621 -378 0
-621 -459 0
-621 -540 0
-621 -702 0
-702 -54 0
-702 -135 0
-702 -216 0
-702 -297 0
-702 -378 0
-702 -459 0
-702 -540 0
-702 -621 0
-55 -136 0
-55 -217 0
-55 -298 0
-55 -379 0
-55 -460 0
-55 -541 0
-55 -622 0
-55 -703 0
-136 -55 0
-136 -217 0
-136 -298 0
-136 -379 0
-136 -460 0
-136 -541 0
-136 -622 0
-136 -703 0
-217 -55 0
-217 -136 0
-217 -298 0
-217 -379 0
-217 -460 0
-217 -541 0
-217 -622 0
-217 -703 0
-298 -55 0
-298 -136 0
-298 -217 0
-298 -379 0
-298 -460 0
-298 -541 0
-298 -622 0
-298 -703 0
-379 -55 0
-379 -136 0
-379 -217 0
-379 -298 0
-379 -460 0
-379 -541 0
-379 -622 0
-379 -703 0
-460 -55 0
-460 -136 0
-460 -217 0
-460 -298 0
-460 -379 0
-460 -541 0
-460 -622 0
-460 -703 0
-541 -55 0
-541 -136 0
-541 -217 0
-541 -298 0
-541 -379 0
-541 -460 0
-541 -622 0
-541 -703 0
-622 -55 0
-622 -136 0
-622 -217 0
-622 -298 0
-622 -379 0
-622 -460 0
-622 -541 0
-622 -703 0
-703 -55 0
-703 -136 0
-703 -217 0
-703 -298 0
-703 -379 0
-703 -460 0
-703 -541 0
-703 -622 0
-56 -137 0
-56 -218 0
-56 -299 0
-56 -380 0
-56 -461 0
-56 -542 0
-56 -623 0
-56 -704 0
-137 -56 0
-137 -218 0
-137 -299 0
-137 -380 0
-137 -461 0
-137 -542 0
-137 -623 0
-137 -704 0
-218 -56 0
-218 -137 0
-218 -299 0
-218 -380 0
-218 -461 0
-218 -542 0
-218 -623 0
-218 -704 0
-299 -56 0
-299 -137 0
-299 -218 0
-299 -380 0
-299 -461 0
-299 -542 0
-299 -623 0
-299 -704 0
-380 -56 0
-380 -137 0
-380 -218 0
-380 -299 0
-380 -461 0
-380 -542 0
-380 -623 0
-380 -704 0
-461 -56 0
-461 -137 0
-461 -218 0
-461 -299 0
-461 -380 0
-461 -542 0
-461 -623 0
-461 -704 0
-542 -56 0
-542 -137 0
-542 -218 0
-542 -299 0
-542 -380 0
-542 -461 0
-542 -623 0
-542 -704 0
-623 -56 0
-623 -137 0
-623 -218 0
-623 -299 0
-623 -380 0
-623 -461 0
-623 -542 0
-623 -704 0
-704 -56 0
-704 -137 0
-704 -218 0
-704 -299 0
-704 -380 0
-704 -461 0
-704 -542 0
-704 -623 0
-57 -138 0
-57 -219 0
-57 -300 0
-57 -381 0
-57 -462 0
-57 -543 0
-57 -624 0
-57 -705 0
-138 -57 0
-138 -219 0
-138 -300 0
-138 -381 0
-138 -462 0
-138 -543 0
-138 -624 0
-138 -705 0
-219 -57 0
-219 -138 0
-219 -300 0
-219 -381 0
-219 -462 0
-219 -543 0
-219 -624 0
-219 -705 0
-300 -57 0
-300 -138 0
-300 -219 0
-300 -381 0
-300 -462 0
-300 -543 0
-300 -624 0
-300 -705 0
-381 -57 0
-381 -138 0
-381 -219 0
-381 -300 0
-381 -462 0
-381 -543 0
-381 -624 0
-381 -705 0
-462 -57 0
-462 -138 0
-462 -219 0
-462 -300 0
-462 -381 0
-462 -543 0
-462 -624 0
-462 -705 0
-543 -57 0
-543 -138 0
-543 -219 0
-543 -300 0
-543 -381 0
-543 -462 0
-543 -624 0
-543 -705 0
-624 -57 0
-624 -138 0
-624 -219 0
-624 -300 0
-624 -381 0
-624 -462 0
-624 -543 0
-624 -705 0
-705 -57 0
-705 -138 0
-705 -219 0
-705 -300 0
-705 -381 0
-705 -462 0
-705 -543 0
-705 -624 0
-58 -139 0
-58 -220 0
-58 -301 0
-58 -382 0
-58 -463 0
-58 -544 0
-58 -625 0
-58 -706 0
-139 -58 0
-139 -220 0
-139 -301 0
-139 -382 0
-139 -463 0
-139 -544 0
-139 -625 0
-139 -706 0
-220 -58 0
-220 -139 0
-220 -301 0
-220 -382 0
-220 -463 0
-220 -544 0
-220 -625 0
-220 -706 0
-301 -58 0
-301 -139 0
-301 -220 0
-301 -382 0
-301 -463 0
-301 -544 0
-301 -625 0
-301 -706 0
-382 -58 0
-382 -139 0
-382 -220 0
-382 -301 0
-382 -463 0
-382 -544 0
-382 -625 0
-382 -706 0
-463 -58 0
-463 -139 0
-463 -220 0
-463 -301 0
-463 -382 0
-463 -544 0
-463 -625 0
-463 -706 0
-544 -58 0
-544 -139 0
-544 -220 0
-544 -301 0
-544 -382 0
-544 -463 0
-544 -625 0
-544 -706 0
-625 -58 0
-625 -139 0
-625 -220 0
-625 -301 0
-625 -382 0
-625 -463 0
-625 -544 0
-625 -706 0
-706 -58 0
-706 -139 0
-706 -220 0
-706 -301 0
-706 -382 0
-706 -463 0
-706 -544 0
-706 -625 0
-59 -140 0
-59 -221 0
-59 -302 0
-59 -383 0
-59 -464 0
-59 -545 0
-59 -626 0
-59 -707 0
-140 -59 0
-140 -221 0
-140 -302 0
-140 -383 0
-140 -464 0
-140 -545 0
-140 -626 0
-140 -707 0
-221 -59 0
-221 -140 0
-221 -302 0
-221 -383 0
-221 -464 0
-221 -545 0
-221 -626 0
-221 -707 0
-302 -59 0
-302 -140 0
-302 -221 0
-302 -383 0
-302 -464 0
-302 -545 0
-302 -626 0
-302 -707 0
-383 -59 0
-383 -140 0
-383 -221 0
-383 -302 0
-383 -464 0
-383 -545 0
-383 -626 0
-383 -707 0
-464 -59 0
-464 -140 0
-464 -221 0
-464 -302 0
-464 -383 0
-464 -545 0
-464 -626 0
-464 -707 0
-545 -59 0
-545 -140 0
-545 -221 0
-545 -302 0
-545 -383 0
-545 -464 0
-545 -626 0
-545 -707 0
-626 -59 0
-626 -140 0
-626 -221 0
-626 -302 0
-626 -383 0
-626 -464 0
-626 -545 0
-626 -707 0
-707 -59 0
-707 -140 0
-707 -221 0
-707 -302 0
-707 -383 0
-707 -464 0
-707 -545 0
-707 -626 0
-60 -141 0
-60 -222 0
-60 -303 0
-60 -384 0
-60 -465 0
-60 -546 0
-60 -627 0
-60 -708 0
-141 -60 0
-141 -222 0
-141 -303 0
-141 -384 0
-141 -465 0
-141 -546 0
-141 -627 0
-141 -708 0
-222 -60 0
-222 -141 0
-222 -303 0
-222 -384 0
-222 -465 0
-222 -546 0
-222 -627 0
-222 -708 0
-303 -60 0
-303 -141 0
-303 -222 0
-303 -384 0
-303 -465 0
-303 -546 0
-303 -627 0
-303 -708 0
-384 -60 0
-384 -141 0
-384 -222 0
-384 -303 0
-384 -465 0
-384 -546 0
-384 -627 0
-384 -708 0
-465 -60 0
-465 -141 0
-465 -222 0
-465 -303 0
-465 -384 0
-465 -546 0
-465 -627 0
-465 -708 0
-546 -60 0
-546 -141 0
-546 -222 0
-546 -303 0
-546 -384 0
-546 -465 0
-546 -627 0
-546 -708 0
-627 -60 0
-627 -141 0
-627 -222 0
-627 -303 0
-627 -384 0
-627 -465 0
-627 -546 0
-627 -708 0
-708 -60 0
-708 -141 0
-708 -222 0
-708 -303 0
-708 -384 0
-708 -465 0
-708 -546 0
-708 -627 0
-61 -142 0
-61 -223 0
-61 -304 0
-61 -385 0
-61 -466 0
-61 -547 0
-61 -628 0
-61 -709 0
-142 -61 0
-142 -223 0
-142 -304 0
-142 -385 0
-142 -466 0
-142 -547 0
-142 -628 0
-142 -709 0
-223 -61 0
-223 -142 0
-223 -304 0
-223 -385 0
-223 -466 0
-223 -547 0
-223 -628 0
-223 -709 0
-304 -61 0
-304 -142 0
-304 -223 0
-304 -385 0
-304 -466 0
-304 -547 0
-304 -628 0
-304 -709 0
-385 -61 0
-385 -142 0
-385 -223 0
-385 -304 0
-385 -466 0
-385 -547 0
-385 -628 0
-385 -709 0
-466 -61 0
-466 -142 0
-466 -223 0
-466 -304 0
-466 -385 0
-466 -547 0
-466 -628 0
-466 -709 0
-547 -61 0
-547 -142 0
-547 -223 0
-547 -304 0
-547 -385 0
-547 -466 0
-547 -628 0
-547 -709 0
-628 -61 0
-628 -142 0
-628 -223 0
-628 -304 0
-628 -385 0
-628 -466 0
-628 -547 0
-628 -709 0
-709 -61 0
-709 -142 0
-709 -223 0
-709 -304 0
-709 -385 0
-709 -466 0
-709 -547 0
-709 -628 0
-62 -143 0
-62 -224 0
-62 -305 0
-62 -386 0
-62 -467 0
-62 -548 0
-62 -629 0
-62 -710 0
-143 -62 0
-143 -224 0
-143 -305 0
-143 -386 0
-143 -467 0
-143 -548 0
-143 -629 0
-143 -710 0
-224 -62 0
-224 -143 0
-224 -305 0
-224 -386 0
-224 -467 0
-224 -548 0
-224 -629 0
-224 -710 0
-305 -62 0
-305 -143 0
-305 -224 0
-305 -386 0
-305 -467 0
-305 -548 0
-305 -629 0
-305 -710 0
-386 -62 0
-386 -143 0
-386 -224 0
-386 -305 0
-386 -467 0
-386 -548 0
-386 -629 0
-386 -710 0
-467 -62 0
-467 -143 0
-467 -224 0
-467 -305 0
-467 -386 0
-467 -548 0
-467 -629 0
-467 -710 0
-548 -62 0
-548 -143 0
-548 -224 0
-548 -305 0
-548 -386 0
-548 -467 0
-548 -629 0
-548 -710 0
-629 -62 0
-629 -143 0
-629 -224 0
-629 -305 0
-629 -386 0
-629 -467 0
-629 -548 0
-629 -710 0
-710 -62 0
-710 -143 0
-710 -224 0
-710 -305 0
-710 -386 0
-710 -467 0
-710 -548 0
-710 -629 0
-63 -144 0
-63 -225 0
-63 -306 0
-63 -387 0
-63 -468 0
-63 -549 0
-63 -630 0
-63 -711 0
-144 -63 0
-144 -225 0
-144 -306 0
-144 -387 0
-144 -468 0
-144 -549 0
-144 -630 0
-144 -711 0
-225 -63 0
-225 -144 0
-225 -306 0
-225 -387 0
-225 -468 0
-225 -549 0
-225 -630 0
-225 -711 0
-306 -63 0
-306 -144 0
-306 -225 0
-306 -387 0
-306 -468 0
-306 -549 0
-306 -630 0
-306 -711 0
-387 -63 0
-387 -144 0
-387 -225 0
-387 -306 0
-387 -468 0
-387 -549 0
-387 -630 0
-387 -711 0
-468 -63 0
-468 -144 0
-468 -225 0
-468 -306 0
-468 -387 0
-468 -549 0
-468 -630 0
-468 -711 0
-549 -63 0
-549 -144 0
-549 -225 0
-549 -306 0
-549 -387 0
-549 -468 0
-549 -630 0
-549 -711 0
-630 -63 0
-630 -144 0
-630 -225 0
-630 -306 0
-630 -387 0
-630 -468 0
-630 -549 0
-630 -711 0
-711 -63 0
-711 -144 0
-711 -225 0
-711 -306 0
-711 -387 0
-711 -468 0
-711 -549 0
-711 -630 0
-64 -145 0
-64 -226 0
-64 -307 0
-64 -388 0
-64 -469 0
-64 -550 0
-64 -631 0
-64 -712 0
-145 -64 0
-145 -226 0
-145 -307 0
-145 -388 0
-145 -469 0
-145 -550 0
-145 -631 0
-145 -712 0
-226 -64 0
-226 -145 0
-226 -307 0
-226 -388 0
-226 -469 0
-226 -550 0
-226 -631 0
-226 -712 0
-307 -64 0
-307 -145 0
-307 -226 0
-307 -388 0
-307 -469 0
-307 -550 0
-307 -631 0
-307 -712 0
-388 -64 0
-388 -145 0
-388 -226 0
-388 -307 0
-388 -469 0
-388 -550 0
-388 -631 0
-388 -712 0
-469 -64 0
-469 -145 0
-469 -226 0
-469 -307 0
-469 -388 0
-469 -550 0
-469 -631 0
-469 -712 0
-550 -64 0
-550 -145 0
-550 -226 0
-550 -307 0
-550 -388 0
-550 -469 0
-550 -631 0
-550 -712 0
-631 -64 0
-631 -145 0
-631 -226 0
-631 -307 0
-631 -388 0
-631 -469 0
-631 -550 0
-631 -712 0
-712 -64 0
-712 -145 0
-712 -226 0
-712 -307 0
-712 -388 0
-712 -469 0
-712 -550 0
-712 -631 0
-65 -146 0
-65 -227 0
-65 -308 0
-65 -389 0
-65 -470 0
-65 -551 0
-65 -632 0
-65 -713 0
-146 -65 0
-146 -227 0
-146 -308 0
-146 -389 0
-146 -470 0
-146 -551 0
-146 -632 0
-146 -713 0
-227 -65 0
-227 -146 0
-227 -308 0
-227 -389 0
-227 -470 0
-227 -551 0
-227 -632 0
-227 -713 0
-308 -65 0
-308 -146 0
-308 -227 0
-308 -389 0
-308 -470 0
-308 -551 0
-308 -632 0
-308 -713 0
-389 -65 0
-389 -146 0
-389 -227 0
-389 -308 0
-389 -470 0
-389 -551 0
-389 -632 0
-389 -713 0
-470 -65 0
-470 -146 0
-470 -227 0
-470 -308 0
-470 -389 0
-470 -551 0
-470 -632 0
-470 -713 0
-551 -65 0
-551 -146 0
-551 -227 0
-551 -308 0
-551 -389 0
-551 -470 0
-551 -632 0
-551 -713 0
-632 -65 0
-632 -146 0
-632 -227 0
-632 -308 0
-632 -389 0
-632 -470 0
-632 -551 0
-632 -713 0
-713 -65 0
-713 -146 0
-713 -227 0
-713 -308 0
-713 -389 0
-713 -470 0
-713 -551 0
-713 -632 0
-66 -147 0
-66 -228 0
-66 -309 0
-66 -390 0
-66 -471 0
-66 -552 0
-66 -633 0
-66 -714 0
-147 -66 0
-147 -228 0
-147 -309 0
-147 -390 0
-147 -471 0
-147 -552 0
-147 -633 0
-147 -714 0
-228 -66 0
-228 -147 0
-228 -309 0
-228 -390 0
-228 -471 0
-228 -552 0
-228 -633 0
-228 -714 0
-309 -66 0
-309 -147 0
-309 -228 0
-309 -390 0
-309 -471 0
-309 -552 0
-309 -633 0
-309 -714 0
-390 -66 0
-390 -147 0
-390 -228 0
-390 -309 0
-390 -471 0
-390 -552 0
-390 -633 0
-390 -714 0
-471 -66 0
-471 -147 0
-471 -228 0
-471 -309 0
-471 -390 0
-471 -552 0
-471 -633 0
-471 -714 0
-552 -66 0
-552 -147 0
-552 -228 0
-552 -309 0
-552 -390 0
-552 -471 0
-552 -633 0
-552 -714 0
-633 -66 0
-633 -147 0
-633 -228 0
-633 -309 0
-633 -390 0
-633 -471 0
-633 -552 0
-633 -714 0
-714 -66 0
-714 -147 0
-714 -228 0
-714 -309 0
-714 -390 0
-714 -471 0
-714 -552 0
-714 -633 0
-67 -148 0
-67 -229 0
-67 -310 0
-67 -391 0
-67 -472 0
-67 -553 0
-67 -634 0
-67 -715 0
-148 -67 0
-148 -229 0
-148 -310 0
-148 -391 0
-148 -472 0
-148 -553 0
-148 -634 0
-148 -715 0
-229 -67 0
-229 -148 0
-229 -310 0
-229 -391 0
-229 -472 0
-229 -553 0
-229 -634 0
-229 -715 0
-310 -67 0
-310 -148 0
-310 -229 0
-310 -391 0
-310 -472 0
-310 -553 0
-310 -634 0
-310 -715 0
-391 -67 0
-391 -148 0
-391 -229 0
-391 -310 0
-391 -472 0
-391 -553 0
-391 -634 0
-391 -715 0
-472 -67 0
-472 -148 0
-472 -229 0
-472 -310 0
-472 -391 0
-472 -553 0
-472 -634 0
-472 -715 0
-553 -67 0
-553 -148 0
-553 -229 0
-553 -310 0
-553 -391 0
-553 -472 0
-553 -634 0
-553 -715 0
-634 -67 0
-634 -148 0
-634 -229 0
-634 -310 0
-634 -391 0
-634 -472 0
-634 -553 0
-634 -715 0
-715 -67 0
-715 -148 0
-715 -229 0
-715 -310 0
-715 -391 0
-715 -472 0
-715 -553 0
-715 -634 0
-68 -149 0
-68 -230 0
-68 -311 0
-68 -392 0
-68 -473 0
-68 -554 0
-68 -635 0
-68 -716 0
-149 -68 0
-149 -230 0
-149 -311 0
-149 -392 0
-149 -473 0
-149 -554 0
-149 -635 0
-149 -716 0
-230 -68 0
-230 -149 0
-230 -311 0
-230 -392 0
-230 -473 0
-230 -554 0
-230 -635 0
-230 -716 0
-311 -68 0
-311 -149 0
-311 -230 0
-311 -392 0
-311 -473 0
-311 -554 0
-311 -635 0
-311 -716 0
-392 -68 0
-392 -149 0
-392 -230 0
-392 -311 0
-392 -473 0
-392 -554 0
-392 -635 0
-392 -716 0
-473 -68 0
-473 -149 0
-473 -230 0
-473 -311 0
-473 -392 0
-473 -554 0
-473 -635 0
-473 -716 0
-554 -68 0
-554 -149 0
-554 -230 0
-554 -311 0
-554 -392 0
-554 -473 0
-554 -635 0
-554 -716 0
-635 -68 0
-635 -149 0
-635 -230 0
-635 -311 0
-635 -392 0
-635 -473 0
-635 -554 0
-635 -716 0
-716 -68 0
-716 -149 0
-716 -230 0
-716 -311 0
-716 -392 0
-716 -473 0
-716 -554 0
-716 -635 0
-69 -150 0
-69 -231 0
-69 -312 0
-69 -393 0
-69 -474 0
-69 -555 0
-69 -636 0
-69 -717 0
-150 -69 0
-150 -231 0
-150 -312 0
-150 -393 0
-150 -474 0
-150 -555 0
-150 -636 0
-150 -717 0
-231 -69 0
-231 -150 0
-231 -312 0
-231 -393 0
-231 -474 0
-231 -555 0
-231 -636 0
-231 -717 0
-312 -69 0
-312 -150 0
-312 -231 0
-312 -393 0
-312 -474 0
-312 -555 0
-312 -636 0
-312 -717 0
-393 -69 0
-393 -150 0
-393 -231 0
-393 -312 0
-393 -474 0
-393 -555 0
-393 -636 0
-393 -717 0
-474 -69 0
-474 -150 0
-474 -231 0
-474 -312 0
-474 -393 0
-474 -555 0
-474 -636 0
-474 -717 0
-555 -69 0
-555 -150 0
-555 -231 0
-555 -312 0
-555 -393 0
-555 -474 0
-555 -636 0
-555 -717 0
-636 -69 0
-636 -150 0
-636 -231 0
-636 -312 0
-636 -393 0
-636 -474 0
-636 -555 0
-636 -717 0
-717 -69 0
-717 -150 0
-717 -231 0
-717 -312 0
-717 -393 0
-717 -474 0
-717 -555 0
-717 -636 0
-70 -151 0
-70 -232 0
-70 -313 0
-70 -394 0
-70 -475 0
-70 -556 0
-70 -637 0
-70 -718 0
-151 -70 0
-151 -232 0
-151 -313 0
-151 -394 0
-151 -475 0
-151 -556 0
-151 -637 0
-151 -718 0
-232 -70 0
-232 -151 0
-232 -313 0
-232 -394 0
-232 -475 0
-232 -556 0
-232 -637 0
-232 -718 0
-313 -70 0
-313 -151 0
-313 -232 0
-313 -394 0
-313 -475 0
-313 -556 0
-313 -637 0
-313 -718 0
-394 -70 0
-394 -151 0
-394 -232 0
-394 -313 0
-394 -475 0
-394 -556 0
-394 -637 0
-394 -718 0
-475 -70 0
-475 -151 0
-475 -232 0
-475 -313 0
-475 -394 0
-475 -556 0
-475 -637 0
-475 -718 0
-556 -70 0
-556 -151 0
-556 -232 0
-556 -313 0
-556 -394 0
-556 -475 0
-556 -637 0
-556 -718 0
-637 -70 0
-637 -151 0
-637 -232 0
-637 -313 0
-637 -394 0
-637 -475 0
-637 -556 0
-637 -718 0
-718 -70 0
-718 -151 0
-718 -232 0
-718 -313 0
-718 -394 0
-718 -475 0
-718 -556 0
-718 -637 0
-71 -152 0
-71 -233 0
-71 -314 0
-71 -395 0
-71 -476 0
-71 -557 0
-71 -638 0
-71 -719 0
-152 -71 0
-152 -233 0
-152 -314 0
-152 -395 0
-152 -476 0
-152 -557 0
-152 -638 0
-152 -719 0
-233 -71 0
-233 -152 0
-233 -314 0
-233 -395 0
-233 -476 0
-233 -557 0
-233 -638 0
-233 -719 0
-314 -71 0
-314 -152 0
-314 -233 0
-314 -395 0
-314 -476 0
-314 -557 0
-314 -638 0
-314 -719 0
-395 -71 0
-395 -152 0
-395 -233 0
-395 -314 0
-395 -476 0
-395 -557 0
-395 -638 0
-395 -719 0
-476 -71 0
-476 -152 0
-476 -233 0
-476 -314 0
-476 -395 0
-476 -557 0
-476 -638 0
-476 -719 0
-557 -71 0
-557 -152 0
-557 -233 0
-557 -314 0
-557 -395 0
-557 -476 0
-557 -638 0
-557 -719 0
-638 -71 0
-638 -152 0
-638 -233 0
-638 -314 0
-638 -395 0
-638 -476 0
-638 -557 0
-638 -719 0
-719 -71 0
-719 -152 0
-719 -233 0
-719 -314 0
-719 -395 0
-719 -476 0
-719 -557 0
-719 -638 0
-72 -153 0
-72 -234 0
-72 -315 0
-72 -396 0
-72 -477 0
-72 -558 0
-72 -639 0
-72 -720 0
-153 -72 0
-153 -234 0
-153 -315 0
-153 -396 0
-153 -477 0
-153 -558 0
-153 -639 0
-153 -720 0
-234 -72 0
-234 -153 0
-234 -315 0
-234 -396 0
-234 -477 0
-234 -558 0
-234 -639 0
-234 -720 0
-315 -72 0
-315 -153 0
-315 -234 0
-315 -396 0
-315 -477 0
-315 -558 0
-315 -639 0
-315 -720 0
-396 -72 0
-396 -153 0
-396 -234 0
-396 -315 0
-396 -477 0
-396 -558 0
-396 -639 0
-396 -720 0
-477 -72 0
-477 -153 0
-477 -234 0
-477 -315 0
-477 -396 0
-477 -558 0
-477 -639 0
-477 -720 0
-558 -72 0
-558 -153 0
-558 -234 0
-558 -315 0
-558 -396 0
-558 -477 0
-558 -639 0
-558 -720 0
-639 -72 0
-639 -153 0
-639 -234 0
-639 -315 0
-639 -396 0
-639 -477 0
-639 -558 0
-639 -720 0
-720 -72 0
-720 -153 0
-720 -234 0
-720 -315 0
-720 -396 0
-720 -477 0
-720 -558 0
-720 -639 0
-73 -154 0
-73 -235 0
-73 -316 0
-73 -397 0
-73 -478 0
-73 -559 0
-73 -640 0
-73 -721 0
-154 -73 0
-154 -235 0
-154 -316 0
-154 -397 0
-154 -478 0
-154 -559 0
-154 -640 0
-154 -721 0
-235 -73 0
-235 -154 0
-235 -316 0
-235 -397 0
-235 -478 0
-235 -559 0
-235 -640 0
-235 -721 0
-316 -73 0
-316 -154 0
-316 -235 0
-316 -397 0
-316 -478 0
-316 -559 0
-316 -640 0
-316 -721 0
-397 -73 0
-397 -154 0
-397 -235 0
-397 -316 0
-397 -478 0
-397 -559 0
-397 -640 0
-397 -721 0
-478 -73 0
-478 -154 0
-478 -235 0
-478 -316 0
-478 -397 0
-478 -559 0
-478 -640 0
-478 -721 0
-559 -73 0
-559 -154 0
-559 -235 0
-559 -316 0
-559 -397 0
-559 -478 0
-559 -640 0
-559 -721 0
-640 -73 0
-640 -154 0
-640 -235 0
-640 -316 0
-640 -397 0
-640 -478 0
-640 -559 0
-640 -721 0
-721 -73 0
-721 -154 0
-721 -235 0
-721 -316 0
-721 -397 0
-721 -478 0
-721 -559 0
-721 -640 0
-74 -155 0
-74 -236 0
-74 -317 0
-74 -398 0
-74 -479 0
-74 -560 0
-74 -641 0
-74 -722 0
-155 -74 0
-155 -236 0
-155 -317 0
-155 -398 0
-155 -479 0
-155 -560 0
-155 -641 0
-155 -722 0
-236 -74 0
-236 -155 0
-236 -317 0
-236 -398 0
-236 -479 0
-236 -560 0
-236 -641 0
-236 -722 0
-317 -74 0
-317 -155 0
-317 -236 0
-317 -398 0
-317 -479 0
-317 -560 0
-317 -641 0
-317 -722 0
-398 -74 0
-398 -155 0
-398 -236 0
-398 -317 0
-398 -479 0
-398 -560 0
-398 -641 0
-398 -722 0
-479 -74 0
-479 -155 0
-479 -236 0
-479 -317 0
-479 -398 0
-479 -560 0
-479 -641 0
-479 -722 0
-560 -74 0
-560 -155 0
-560 -236 0
-560 -317 0
-560 -398 0
-560 -479 0
-560 -641 0
-560 -722 0
-641 -74 0
-641 -155 0
-641 -236 0
-641 -317 0
-641 -398 0
-641 -479 0
-641 -560 0
-641 -722 0
-722 -74 0
-722 -155 0
-722 -236 0
-722 -317 0
-722 -398 0
-722 -479 0
-722 -560 0
-722 -641 0
-75 -156 0
-75 -237 0
-75 -318 0
-75 -399 0
-75 -480 0
-75 -561 0
-75 -642 0
-75 -723 0
-156 -75 0
-156 -237 0
-156 -318 0
-156 -399 0
-156 -480 0
-156 -561 0
-156 -642 0
-156 -723 0
-237 -75 0
-237 -156 0
-237 -318 0
-237 -399 0
-237 -480 0
-237 -561 0
-237 -642 0
-237 -723 0
-318 -75 0
-318 -156 0
-318 -237 0
-318 -399 0
-318 -480 0
-318 -561 0
-318 -642 0
-318 -723 0
-399 -75 0
-399 -156 0
-399 -237 0
-399 -318 0
-399 -480 0
-399 -561 0
-399 -642 0
-399 -723 0
-480 -75 0
-480 -156 0
-480 -237 0
-480 -318 0
-480 -399 0
-480 -561 0
-480 -642 0
-480 -723 0
-561 -75 0
-561 -156 0
-561 -237 0
-561 -318 0
-561 -399 0
-561 -480 0
-561 -642 0
-561 -723 0
-642 -75 0
-642 -156 0
-642 -237 0
-642 -318 0
-642 -399 0
-642 -480 0
-642 -561 0
-642 -723 0
-723 -75 0
-723 -156 0
-723 -237 0
-723 -318 0
-723 -399 0
-723 -480 0
-723 -561 0
-723 -642 0
-76 -157 0
-76 -238 0
-76 -319 0
-76 -400 0
-76 -481 0
-76 -562 0
-76 -643 0
-76 -724 0
-157 -76 0
-157 -238 0
-157 -319 0
-157 -400 0
-157 -481 0
-157 -562 0
-157 -643 0
-157 -724 0
-238 -76 0
-238 -157 0
-238 -319 0
-238 -400 0
-238 -481 0
-238 -562 0
-238 -643 0
-238 -724 0
-319 -76 0
-319 -157 0
-319 -238 0
-319 -400 0
-319 -481 0
-319 -562 0
-319 -643 0
-319 -724 0
-400 -76 0
-400 -157 0
-400 -238 0
-400 -319 0
-400 -481 0
-400 -562 0
-400 -643 0
-400 -724 0
-481 -76 0
-481 -157 0
-481 -238 0
-481 -319 0
-481 -400 0
-481 -562 0
-481 -643 0
-481 -724 0
-562 -76 0
-562 -157 0
-562 -238 0
-562 -319 0
-562 -400 0
-562 -481 0
-562 -643 0
-562 -724 0
-643 -76 0
-643 -157 0
-643 -238 0
-643 -319 0
-643 -400 0
-643 -481 0
-643 -562 0
-643 -724 0
-724 -76 0
-724 -157 0
-724 -238 0
-724 -319 0
-724 -400 0
-724 -481 0
-724 -562 0
-724 -643 0
-77 -158 0
-77 -239 0
-77 -320 0
-77 -401 0
-77 -482 0
-77 -563 0
-77 -644 0
-77 -725 0
-158 -77 0
-158 -239 0
-158 -320 0
-158 -401 0
-158 -482 0
-158 -563 0
-158 -644 0
-158 -725 0
-239 -77 0
-239 -158 0
-239 -320 0
-239 -401 0
-239 -482 0
-239 -563 0
-239 -644 0
-239 -725 0
-320 -77 0
-320 -158 0
-320 -239 0
-320 -401 0
-320 -482 0
-320 -563 0
-320 -644 0
-320 -725 0
-401 -77 0
-401 -158 0
-401 -239 0
-401 -320 0
-401 -482 0
-401 -563 0
-401 -644 0
-401 -725 0
-482 -77 0
-482 -158 0
-482 -239 0
-482 -320 0
-482 -401 0
-482 -563 0
-482 -644 0
-482 -725 0
-563 -77 0
-563 -158 0
-563 -239 0
-563 -320 0
-563 -401 0
-563 -482 0
-563 -644 0
-563 -725 0
-644 -77 0
-644 -158 0
-644 -239 0
-644 -320 0
-644 -401 0
-644 -482 0
-644 -563 0
-644 -725 0
-725 -77 0
-725 -158 0
-725 -239 0
-725 -320 0
-725 -401 0
-725 -482 0
-725 -563 0
-725 -644 0
-78 -159 0
-78 -240 0
-78 -321 0
-78 -402 0
-78 -483 0
-78 -564 0
-78 -645 0
-78 -726 0
-159 -78 0
-159 -240 0
-159 -321 0
-159 -402 0
-159 -483 0
-159 -564 0
-159 -645 0
-159 -726 0
-240 -78 0
-240 -159 0
-240 -321 0
-240 -402 0
-240 -483 0
-240 -564 0
-240 -645 0
-240 -726 0
-321 -78 0
-321 -159 0
-321 -240 0
-321 -402 0
-321 -483 0
-321 -564 0
-321 -645 0
-321 -726 0
-402 -78 0
-402 -159 0
-402 -240 0
-402 -321 0
-402 -483 0
-402 -564 0
-402 -645 0
-402 -726 0
-483 -78 0
-483 -159 0
-483 -240 0
-483 -321 0
-483 -402 0
-483 -564 0
-483 -645 0
-483 -726 0
-564 -78 0
-564 -159 0
-564 -240 0
-564 -321 0
-564 -402 0
-564 -483 0
-564 -645 0
-564 -726 0
-645 -78 0
-645 -159 0
-645 -240 0
-645 -321 0
-645 -402 0
-645 -483 0
-645 -564 0
-645 -726 0
-726 -78 0
-726 -159 0
-726 -240 0
-726 -321 0
-726 -402 0
-726 -483 0
-726 -564 0
-726 -645 0
-79 -160 0
-79 -241 0
-79 -322 0
-79 -403 0
-79 -484 0
-79 -565 0
-79 -646 0
-79 -727 0
-160 -79 0
-160 -241 0
-160 -322 0
-160 -403 0
-160 -484 0
-160 -565 0
-160 -646 0
-160 -727 0
-241 -79 0
-241 -160 0
-241 -322 0
-241 -403 0
-241 -484 0
-241 -565 0
-241 -646 0
-241 -727 0
-322 -79 0
-322 -160 0
-322 -241 0
-322 -403 0
-322 -484 0
-322 -565 0
-322 -646 0
-322 -727 0
-403 -79 0
-403 -160 0
-403 -241 0
-403 -322 0
-403 -484 0
-403 -565 0
-403 -646 0
-403 -727 0
-484 -79 0
-484 -160 0
-484 -241 0
-484 -322 0
-484 -403 0
-484 -565 0
-484 -646 0
-484 -727 0
-565 -79 0
-565 -160 0
-565 -241 0
-565 -322 0
-565 -403 0
-565 -484 0
-565 -646 0
-565 -727 0
-646 -79 0
-646 -160 0
-646 -241 0
-646 -322 0
-646 -403 0
-646 -484 0
-646 -565 0
-646 -727 0
-727 -79 0
-727 -160 0
-727 -241 0
-727 -322 0
-727 -403 0
-727 -484 0
-727 -565 0
-727 -646 0
-80 -161 0
-80 -242 0
-80 -323 0
-80 -404 0
-80 -485 0
-80 -566 0
-80 -647 0
-80 -728 0
-161 -80 0
-161 -242 0
-161 -323 0
-161 -404 0
-161 -485 0
-161 -566 0
-161 -647 0
-161 -728 0
-242 -80 0
-242 -161 0
-242 -323 0
-242 -404 0
-242 -485 0
-242 -566 0
-242 -647 0
-242 -728 0
-323 -80 0
-323 -161 0
-323 -242 0
-323 -404 0
-323 -485 0
-323 -566 0
-323 -647 0
-323 -728 0
-404 -80 0
-404 -161 0
-404 -242 0
-404 -323 0
-404 -485 0
-404 -566 0
-404 -647 0
-404 -728 0
-485 -80 0
-485 -161 0
-485 -242 0
-485 -323 0
-485 -404 0
-485 -566 0
-485 -647 0
-485 -728 0
-566 -80 0
-566 -161 0
-566 -242 0
-566 -323 0
-566 -404 0
-566 -485 0
-566 -647 0
-566 -728 0
-647 -80 0
-647 -161 0
-647 -242 0
-647 -323 0
-647 -404 0
-647 -485 0
-647 -566 0
-647 -728 0
-728 -80 0
-728 -161 0
-728 -242 0
-728 -323 0
-728 -404 0
-728 -485 0
-728 -566 0
-728 -647 0
-81 -162 0
-81 -243 0
-81 -324 0
-81 -405 0
-81 -486 0
-81 -567 0
-81 -648 0
-81 -729 0
-162 -81 0
-162 -243 0
-162 -324 0
-162 -405 0
-162 -486 0
-162 -567 0
-162 -648 0
-162 -729 0
-243 -81 0
-243 -162 0
-243 -324 0
-243 -405 0
-243 -486 0
-243 -567 0
-243 -648 0
-243 -729 0
-324 -81 0
-324 -162 0
-324 -243 0
-324 -405 0
-324 -486 0
-324 -567 0
-324 -648 0
-324 -729 0
-405 -81 0
-405 -162 0
-405 -243 0
-405 -324 0
-405 -486 0
-405 -567 0
-405 -648 0
-405 -729 0
-486 -81 0
-486 -162 0
-486 -243 0
-486 -324 0
-486 -405 0
-486 -567 0
-486 -648 0
-486 -729 0
-567 -81 0
-567 -162 0
-567 -243 0
-567 -324 0
-567 -405 0
-567 -486 0
-567 -648 0
-567 -729 0
-648 -81 0
-648 -162 0
-648 -243 0
-648 -324 0
-648 -405 0
-648 -486 0
-648 -567 0
-648 -729 0
-729 -81 0
-729 -162 0
-729 -243 0
-729 -324 0
-729 -405 0
-729 -486 0
-729 -567 0
-729 -648 0
1 2 3 4 5 6 7 8 9 0
82 83 84 85 86 87 88 89 90 0
163 164 165 166 167 168 169 170 171 0
244 245 246 247 248 249 250 251 252 0
325 326 327 328 329 330 331 332 333 0
406 407 408 409 410 411 412 413 414 0
487 488 489 490 491 492 493 494 495 0
568 569 570 571 572 573 574 575 576 0
649 650 651 652 653 654 655 656 657 0
10 11 12 13 14 15 16 17 18 0
91 92 93 94 95 96 97 98 99 0
172 173 174 175 176 177 178 179 180 0
253 254 255 256 257 258 259 260 261 0
334 335 336 337 338 339 340 341 342 0
415 416 417 418 419 420 421 422 423 0
496 497 498 499 500 501 502 503 504 0
577 578 579 580 581 582 583 584 585 0
658 659 660 661 662 663 664 665 666 0
19 20 21 22 23 24 25 26 27 0
100 101 102 103 104 105 106 107 108 0
181 182 183 184 185 186 187 188 189 0
262 263 264 265 266 267 268 269 270 0
343 344 345 346 347 348 349 350 351 0
424 425 426 427 428 429 430 431 432 0
505 506 507 508 509 510 511 512 513 0
586 587 588 589 590 591 592 593 594 0
667 668 669 670 671 672 673 674 675 0
28 29 30 31 32 33 34 35 36 0
109 110 111 112 113 114 115 116 117 0
190 191 192 193 194 195 196 197 198 0
271 272 273 274 275 276 277 278 279 0
352 353 354 355 356 357 358 359 360 0
433 434 435 436 437 438 439 440 441 0
514 515 516 517 518 519 520 521 522 0
595 596 597 598 599 600 601 602 603 0
676 677 678 679 680 681 682 683 684 0
37 38 39 40 41 42 43 44 45 0
118 119 120 121 122 123 124 125 126 0
199 200 201 202 203 204 205 206 207 0
280 281 282 283 284 285 286 287 288 0
361 362 363 364 365 366 367 368 369 0
442 443 444 445 446 447 448 449 450 0
523 524 525 526 527 528 529 530 531 0
604 605 606 607 608 609 610 611 612 0
685 686 687 688 689 690 691 692 693 0
46 47 48 49 50 51 52 53 54 0
127 128 129 130 131 132 133 134 135 0
208 209 210 211 212 213 214 215 216 0
289 290 291 292 293 294 295 296 297 0
370 371 372 373 374 375 376 377 378 0
451 452 453 454 455 456 457 458 459 0
532 533 534 535 536 537 538 539 540 0
613 614 615 616 617 618 619 620 621 0
694 695 696 697 698 699 700 701 702 0
55 56 57 58 59 60 61 62 63 0
136 137 138 139 140 141 142 143 144 0
217 218 219 220 221 222 223 224 225 0
298 299 300 301 302 303 304 305 306 0
379 380 381 382 383 384 385 386 387 0
460 461 462 463 464 465 466 467 468 0
541 542 543 544 545 546 547 548 549 0
622 623 624 625 626 627 628 629 630 0
703 704 705 706 707 708 709 710 711 0
64 65 66 67 68 69 70 71 72 0
145 146 147 148 149 150 151 152 153 0
226 227 228 229 230 231 232 233 234 0
307 308 309 310 311 312 313 314 315 0
388 389 390 391 392 393 394 395 396 0
469 470 471 472 473 474 475 476 477 0
550 551 552 553 554 555 556 557 558 0
631 632 633 634 635 636 637 638 639 0
712 713 714 715 716 717 718 719 720 0
73 74 75 76 77 78 79 80 81 0
154 155 156 157 158 159 160 161 162 0
235 236 237 238 239 240 241 242 243 0
316 317 318 319 320 321 322 323 324 0
397 398 399 400 401 402 403 404 405 0
478 479 480 481 482 483 484 485 486 0
559 560 561 562 563 564 565 566 567 0
640 641 642 643 644 645 646 647 648 0
721 722 723 724 725 726 727 728 729 0
1 10 19 28 37 46 55 64 73 0
82 91 100 109 118 127 136 145 154 0
163 172 181 190 199 208 217 226 235 0
244 253 262 271 280 289 298 307 316 0
325 334 343 352 361 370 379 388 397 0
406 415 424 433 442 451 460 469 478 0
487 496 505 514 523 532 541 550 559 0
568 577 586 595 604 613 622 631 640 0
649 658 667 676 685 694 703 712 721 0
2 11 20 29 38 47 56 65 74 0
83 92 101 110 119 128 137 146 155 0
164 173 182 191 200 209 218 227 236 0
245 254 263 272 281 290 299 308 317 0
326 335 344 353 362 371 380 389 398 0
407 416 425 434 443 452 461 470 479 0
488 497 506 515 524 533 542 551 560 0
569 578 587 596 605 614 623 632 641 0
650 659 668 677 686 695 704 713 722 0
3 12 21 30 39 48 57 66 75 0
84 93 102 111 120 129 138 147 156 0
165 174 183 192 201 210 219 228 237 0
246 255 264 273 282 291 300 309 318 0
327 336 345 354 363 372 381 390 399 0
408 417 426 435 444 453 462 471 480 0
489 498 507 516 525 534 543 552 561 0
570 579 588 597 606 615 624 633 642 0
651 660 669 678 687 696 705 714 723 0
4 13 22 31 40 49 58 67 76 0
85 94 103 112 121 130 139 148 157 0
166 175 184 193 202 211 220 229 238 0
247 256 265 274 283 292 301 310 319 0
328 337 346 355 364 373 382 391 400 0
409 418 427 436 445 454 463 472 481 0
490 499 508 517 526 535 544 553 562 0
571 580 589 598 607 616 625 634 643 0
652 661 670 679 688 697 706 715 724 0
5 14 23 32 41 50 59 68 77 0
86 95 104 113 122 131 140 149 158 0
167 176 185 194 203 212 221 230 239 0
248 257 266 275 284 293 302 311 320 0
329 338 347 356 365 374 383 392 401 0
410 419 428 437 446 455 464 473 482 0
491 500 509 518 527 536 545 554 563 0
572 581 590 599 608 617 626 635 644 0
653 662 671 680 689 698 707 716 725 0
6 15 24 33 42 51 60 69 78 0
87 96 105 114 123 132 141 150 159 0
168 177 186 195 204 213 222 231 240 0
249 258 267 276 285 294 303 312 321 0
330 339 348 357 366 375 384 393 402 0
411 420 429 438 447 456 465 474 483 0
492 501 510 519 528 537 546 555 564 0
573 582 591 600 609 618 627 636 645 0
654 663 672 681 690 699 708 717 726 0
7 16 25 34 43 52 61 70 79 0
88 97 106 115 124 133 142 151 160 0
169 178 187 196 205 214 223 232 241 0
250 259 268 277 286 295 304 313 322 0
331 340 349 358 367 376 385 394 403 0
412 421 430 439 448 457 466 475 484 0
493 502 511 520 529 538 547 556 565 0
574 583 592 601 610 619 628 637 646 0
655 664 673 682 691 700 709 718 727 0
8 17 26 35 44 53 62 71 80 0
89 98 107 116 125 134 143 152 161 0
170 179 188 197 206 215 224 233 242 0
251 260 269 278 287 296 305 314 323 0
332 341 350 359 368 377 386 395 404 0
413 422 431 440 449 458 467 476 485 0
494 503 512 521 530 539 548 557 566 0
575 584 593 602 611 620 629 638 647 0
656 665 674 683 692 701 710 719 728 0
9 18 27 36 45 54 63 72 81 0
90 99 108 117 126 135 144 153 162 0
171 180 189 198 207 216 225 234 243 0
252 261 270 279 288 297 306 315 324 0
333 342 351 360 369 378 387 396 405 0
414 423 432 441 450 459 468 477 486 0
495 504 513 522 531 540 549 558 567 0
576 585 594 603 612 621 630 639 648 0
657 666 675 684 693 702 711 720 729 0
1 2 3 10 11 12 19 20 21 0
82 83 84 91 92 93 100 101 102 0
163 164 165 172 173 174 181 182 183 0
244 245 246 253 254 255 262 263 264 0
325 326 327 334 335 336 343 344 345 0
406 407 408 415 416 417 424 425 426 0
487 488 489 496 497 498 505 506 507 0
568 569 570 577 578 579 586 587 588 0
649 650 651 658 659 660 667 668 669 0
4 5 6 13 14 15 22 23 24 0
85 86 87 94 95 96 103 104 105 0
166 167 168 175 176 177 184 185 186 0
247 248 249 256 257 258 265 266 267 0
328 329 330 337 338 339 346 347 348 0
409 410 411 418 419 420 427 428 429 0
490 491 492 499 500 501 508 509 510 0
571 572 573 580 581 582 589 590 591 0
652 653 654 661 662 663 670 671 672 0
7 8 9 16 17 18 25 26 27 0
88 89 90 97 98 99 106 107 108 0
169 170 171 178 179 180 187 188 189 0
250 251 252 259 260 261 268 269 270 0
331 332 333 340 341 342 349 350 351 0
412 413 414 421 422 423 430 431 432 0
493 494 495 502 503 504 511 512 513 0
574 575 576 583 584 585 592 593 594 0
655 656 657 664 665 666 673 674 675 0
28 29 30 37 38 39 46 47 48 0
109 110 111 118 119 120 127 128 129 0
190 191 192 199 200 201 208 209 210 0
271 272 273 280 281 282 289 290 291 0
352 353 354 361 362 363 370 371 372 0
433 434 435 442 443 444 451 452 453 0
514 515 516 523 524 525 532 533 534 0
595 596 597 604 605 606 613 614 615 0
676 677 678 685 686 687 694 695 696 0
31 32 33 40 41 42 49 50 51 0
112 113 114 121 122 123 130 131 132 0
193 194 195 202 203 204 211 212 213 0
274 275 276 283 284 285 292 293 294 0
355 356 357 364 365 366 373 374 375 0
436 437 438 445 446 447 454 455 456 0
517 518 519 526 527 528 535 536 537 0
598 599 600 607 608 609 616 617 618 0
679 680 681 688 689 690 697 698 699 0
34 35 36 43 44 45 52 53 54 0
115 116 117 124 125 126 133 134 135 0
196 197 198 205 206 207 214 215 216 0
277 278 279 286 287 288 295 296 297 0
358 359 360 367 368 369 376 377 378 0
439 440 441 448 449 450 457 458 459 0
520 521 522 529 530 531 538 539 540 0
601 602 603 610 611 612 619 620 621 0
682 683 684 691 692 693 700 701 702 0
55 56 57 64 65 66 73 74 75 0
136 137 138 145 146 147 154 155 156 0
217 218 219 226 227 228 235 236 237 0
298 299 300 307 308 309 316 317 318 0
379 380 381 388 389 390 397 398 399 0
460 461 462 469 470 471 478 479 480 0
541 542 543 550 551 552 559 560 561 0
622 623 624 631 632 633 640 641 642 0
703 704 705 712 713 714 721 722 723 0
58 59 60 67 68 69 76 77 78 0
139 140 141 148 149 150 157 158 159 0
220 221 222 229 230 231 238 239 240 0
301 302 303 310 311 312 319 320 321 0
382 383 384 391 392 393 400 401 402 0
463 464 465 472 473 474 481 482 483 0
544 545 546 553 554 555 562 563 564 0
625 626 627 634 635 636 643 644 645 0
706 707 708 715 716 717 724 725 726 0
61 62 63 70 71 72 79 80 81 0
142 143 144 151 152 153 160 161 162 0
223 224 225 232 233 234 241 242 243 0
304 305 306 313 314 315 322 323 324 0
385 386 387 394 395 396 403 404 405 0
466 467 468 475 476 477 484 485 486 0
547 548 549 556 557 558 565 566 567 0
628 629 630 637 638 639 646 647 648 0
709 710 711 718 719 720 727 728 729 0
671 0
362 0
139 0
496 0
24 0
228 0
409 0
250 0
593 0
378 0
421 0
456 0
299 0
155 0
608 0
712 0
79 0
296 0
207 0
467 0
177 0
211 0
40 0
